5.135373023079812249e-01
1.209135350709220180e+00
1.516533359575090945e+00
4.907511248433491513e-01
8.553089306530510250e-01
1.180713046434601843e+00
7.934387430245677386e-01
1.834366050441353369e-01
1.503287430809770564e+00
1.457288298224243439e+00
4.229019801180487481e-01
8.696617326736464371e-01
4.458373131886896878e-01
6.921417519637337312e-01
5.861950670250106743e-01
1.153611205144928764e-01
2.264926134806081404e+00
2.044074370519753936e-01
1.717576914554134637e+00
2.225702385703797470e-01
2.177272094350239662e-01
9.392017631295103142e-01
1.638994497854932453e+00
1.582836050957969753e-01
4.799763770378855376e-01
1.651230905142548611e-01
3.282507178053307495e+00
5.381063961438538046e-01
1.411497940268239271e+00
3.874707298710063363e-01
0.000000000000000000e+00
2.753045756488544105e-01
2.274817687155600066e+00
0.000000000000000000e+00
8.858975407148190762e-01
3.007717155554237909e+00
3.962062443975046255e-01
3.015244095304636107e-01
2.274231916599015746e-01
4.015208965569743160e-01
1.360094849886514801e-01
3.091532330269652906e-01
5.654784197952754665e-01
5.151615067660965108e-01
7.370167711956662204e-01
1.374560541952986048e+00
2.953305594592650629e-01
2.588477080593446278e+00
1.457673449201940252e-01
1.963055237998209357e+00
5.486618589960605696e-01
3.721524428224101122e-01
3.703081778002514923e-01
2.926306079168377039e-01
4.389095090311643799e-01
0.000000000000000000e+00
0.000000000000000000e+00
2.386791373443978292e-01
5.851558714732160160e-01
1.728467954453607736e-01
5.314193538927735050e-01
6.941217583126019219e-01
7.202151149290623167e-01
1.218066598757634011e+00
7.600018241131270003e-01
8.386351394419003791e-01
6.968649575636017834e-01
3.631584097529821364e-01
1.779184783458405972e-01
8.241795540306363632e-01
2.020565317569427699e-01
6.928951140891594918e-01
1.513271718077697336e+00
6.550713277471875706e-01
1.434305123304717988e-01
6.688676026975570732e-01
1.576822875524009016e+00
1.703090902806605189e-01
7.490858292319231282e-01
0.000000000000000000e+00
7.323226101492386064e-01
1.897310362805947781e+00
1.078923329217104793e-01
2.337919949750132675e-01
1.985442176701105899e+00
1.819303195515384053e-01
1.053634489779245120e+00
6.721946445096794731e-01
2.098481879340519662e-01
1.263452623751626369e+00
5.131173094911710697e-01
1.457847597478309165e+00
5.320446783553490766e-01
1.230831360983515754e+00
4.101723855547525499e-01
1.508177365215503940e+00
1.265365428961157113e+00
5.084968158195214416e-01
1.190846442998762245e-01
0.000000000000000000e+00
6.583967520205953328e-01
1.559962162779093831e-01
9.750094818170351729e-01
0.000000000000000000e+00
1.929709418518616992e-01
0.000000000000000000e+00
7.951787898836321089e-01
5.655287862088737016e-01
1.699296785024352108e+00
2.840296606395160239e+00
1.566505536211273697e-01
7.204209751320719279e-01
1.729583768844674241e+00
2.801599110405842197e+00
1.616120434307675158e+00
2.765412955141325346e-01
1.797461994086705594e+00
3.207178860682923793e-01
8.227056525591653902e-01
9.648345717805204558e-01
0.000000000000000000e+00
1.188330389188177183e-01
3.375666565754769088e-01
1.769332964294225430e-01
0.000000000000000000e+00
1.869572775144388466e+00
2.563939135797957403e-01
5.723486904731492908e-01
3.457097497326701019e-01
1.890244651367374296e+00
2.145048176794773553e+00
2.713890113994358311e-01
1.082109287563565170e+00
4.169979322138440136e-01
2.362585580126519147e-01
8.183442773747041654e-01
0.000000000000000000e+00
6.341875879524527804e-01
2.682494985937827980e+00
9.304793329640950184e-01
2.588212506234326415e-01
3.739550248427744528e+00
1.327638946557741839e+00
0.000000000000000000e+00
1.113595444719145178e+00
1.177439027851177489e+00
4.152309151133696807e-01
1.204530313338582292e+00
1.358330230903468161e+00
1.156873510198556665e-01
0.000000000000000000e+00
1.447388102815223787e+00
0.000000000000000000e+00
9.851583533212890931e-01
4.859834047320489292e-01
2.213832195810121917e+00
5.262810876301547980e-01
5.256945891488234990e-01
9.174621048212296959e-01
3.838899464353355273e-01
8.090708922392435554e-01
1.635949933244389642e+00
3.745429917476444381e-01
0.000000000000000000e+00
2.309683709889953362e-01
1.632186088846141248e+00
8.200115533841794146e-01
7.764450600363945743e-01
3.327194151217683915e-01
1.278466827142444195e+00
2.820972400801172730e-01
0.000000000000000000e+00
2.942084555086371456e+00
1.686404935641262759e-01
1.872478426196185486e-01
6.577172935462433090e-01
3.321748851069375452e-01
1.034798709583567344e+00
8.657387230059825356e-01
2.779519106116006277e+00
1.502476821208301949e+00
4.610757894514587729e-01
1.599743130366406474e+00
8.371035369441632845e-01
9.466672598053524901e-01
2.752302977521249083e+00
2.231392023415641468e-01
1.237172530706124762e+00
8.235481890100422309e-01
8.775041498646990457e-01
4.145770659866770957e-01
1.070377318613384976e-01
1.452264920374036317e+00
1.448633061764136587e-01
7.746269719241672957e-01
5.942291698966638558e-01
3.545558713778718118e-01
0.000000000000000000e+00
8.775830654280953880e-01
8.928510505248651308e-01
1.178473473109060476e+00
2.311215969545024063e-01
1.696006572291397951e+00
2.690921963145249118e-01
9.562409263008810889e-01
6.836044116366583046e-01
3.960516313400536670e-01
2.691793565746058436e-01
1.739866299911517755e-01
8.784360774669940364e-01
1.376153606692764875e+00
3.003013512248606798e-01
2.649315866458637481e-01
1.620783156370130262e-01
1.499625517546783193e+00
2.891088818662950644e+00
1.895119048875713308e-01
5.532776950372307878e-01
4.753303511302648388e-01
7.334869176663710855e-01
5.352296570333594516e-01
2.934066022584199684e-01
1.498067021442137881e+00
2.763515151319417273e-01
3.116413531080064470e-01
7.828109169161432401e-01
2.870403744726843787e-01
2.746734256232040150e-01
5.434546220602918254e-01
8.297335331549562376e-01
5.763623761737146634e-01
1.173144281526037780e+00
1.792092554694281747e-01
5.676427794322472797e-01
1.713054672806326284e+00
5.405173440783411776e-01
2.465428403010317293e+00
8.254768447165963252e-01
0.000000000000000000e+00
2.168247336801572001e-01
7.477569537821293633e-01
5.794787235805832770e-01
1.137614989846798652e+00
2.142629590338786250e-01
1.200982667154595118e+00
1.177889198119009384e+00
4.579454841587757841e-01
9.737942990879659977e-01
2.530837468299645288e+00
1.266383194250467747e+00
0.000000000000000000e+00
1.369228242831114661e+00
8.074507903629948302e-01
0.000000000000000000e+00
3.839481066067587656e-01
3.881971748377847753e+00
1.532347614884163489e+00
0.000000000000000000e+00
2.082556698935142114e-01
8.129090283224018609e-01
0.000000000000000000e+00
4.688210308461302489e-01
7.616476787052820496e-01
7.429523893545000313e-01
1.727469063788129588e+00
5.851055399053736172e-01
4.923371634680537290e-01
3.054095839185649863e-01
4.836302368252840544e-01
1.728147809625418807e-01
1.169157097113705385e-01
0.000000000000000000e+00
2.749483726852833265e-01
1.359399362673951561e+00
0.000000000000000000e+00
9.511613113121131224e-01
2.124320111248089393e+00
1.410003041822926351e+00
9.361108136072179287e-01
5.551679171103041099e-01
6.668586953587428701e-01
5.739595983532880252e-01
2.707101272775590539e-01
5.403164577153652948e-01
2.902319400486826351e-01
2.022983183673923158e+00
3.697721945473826932e-01
2.732566554351000820e-01
6.561475170695681980e-01
4.761445145514980881e-01
6.992106814667014003e-01
4.521487173879973342e-01
8.188054069184416139e-01
0.000000000000000000e+00
1.561188587533457461e+00
7.680245975167757644e-01
5.925271350689224059e-01
2.446988946097087558e-01
6.089336134319687233e-01
3.269920352450750300e-01
2.937810697046711605e-01
0.000000000000000000e+00
3.789736086579240104e-01
7.010271769113081142e-01
2.739014927652895448e+00
4.613373541717042947e-01
9.218742896006111298e-01
5.855346852326714924e-01
1.528879280831464127e-01
1.001730475974908219e-01
1.113938791495649588e-01
0.000000000000000000e+00
1.657410060056796475e-01
8.451647820815063605e-01
3.063441492010620659e-01
0.000000000000000000e+00
9.840268035699195615e-01
1.116689171345530252e+00
1.666225059608870573e+00
1.165658683568142173e+00
1.548060473516899682e+00
1.288824368041929569e+00
9.191413403952041206e-01
6.072180368101922632e-01
9.717870236803739514e-01
1.040412706335465343e+00
1.220900845262101742e+00
1.107872935097107936e+00
7.234948677983497056e-01
2.144388736126789097e-01
8.753369215291754157e-01
4.413702358044544471e-01
1.700788280794503171e+00
1.272574873701497467e+00
4.089611859243346692e-01
9.457804584471697362e-01
7.091130594021164413e-01
1.937674086348124547e-01
1.419104775435299670e+00
1.180727940494865846e+00
1.614812863420680422e+00
1.745682178883588009e-01
2.128700712493328262e-01
4.069062200538864360e-01
2.228929803768011642e+00
3.632789440214649446e+00
6.748740696920304538e-01
2.147294021186468171e+00
2.969441399622132494e-01
3.014819003549717991e+00
3.605691918182341027e-01
3.753765363805361965e-01
7.487372549057943472e-01
1.468189505299258291e-01
1.580834773238950719e+00
2.036956892775874994e+00
7.723752350006892753e-01
1.055729179806888934e-01
4.693231739815953429e-01
1.772928095842367102e-01
1.216595208150208773e-01
8.895675124151234403e-01
2.289510774245434588e-01
3.696263012125898806e-01
3.405908104636332645e-01
1.393978706938024281e+00
1.474351433825717095e+00
0.000000000000000000e+00
2.555076548372981482e-01
5.607394461077007675e-01
1.267084207085600989e+00
0.000000000000000000e+00
6.202157122929474742e-01
0.000000000000000000e+00
6.348429575565639471e-01
2.225572790706264570e+00
1.095877261630610749e-01
1.065115758341145247e-01
5.442445848115261553e-01
2.537860254841991514e-01
0.000000000000000000e+00
1.095612220838043660e-01
1.256168663013790487e+00
2.239062738979421763e+00
3.158029686480013254e+00
5.235110051406847154e-01
1.461048815846816007e-01
9.119724590657836139e-01
2.381429134759595723e+00
4.768788246974172695e-01
2.117840672872641494e-01
1.024183715165719155e+00
1.225287355952706519e-01
0.000000000000000000e+00
7.980490474776161802e-01
0.000000000000000000e+00
1.180203900755222995e-01
2.405845928402744249e+00
8.144933065226439561e-01
6.365784722842271037e+00
1.204265986311596759e+00
0.000000000000000000e+00
1.865330207656015482e-01
1.088581152599155666e-01
6.793753649735339017e-01
1.920226670818616643e+00
1.300109118813333131e+00
1.240216724023301298e+00
9.259757950844940133e-01
2.095182916139342599e-01
2.360833237942646878e+00
0.000000000000000000e+00
2.180831973233339771e-01
5.425391142925779508e-01
1.482972649093549089e+00
1.487444564547273362e+00
1.097559197110389295e-01
1.137018100693096612e+00
2.749892853320752839e-01
1.156272420284303770e+00
1.450101597999218228e+00
3.784576707269851070e-01
9.571529327036462087e-01
2.020244931064857585e+00
5.059091378028590658e-01
1.052251688163537091e+00
0.000000000000000000e+00
0.000000000000000000e+00
5.949950949246261001e-01
2.749861318409856925e-01
1.747937446801363648e-01
1.264118443957810700e-01
2.452666933955445772e-01
2.782516957059945062e-01
1.043355974647493856e+00
1.112337756242417347e-01
7.927958498580331970e-01
1.714453655403876675e-01
7.844273145586905249e-01
0.000000000000000000e+00
4.349485959263534873e-01
1.128177518448398642e+00
2.119306990721496753e-01
1.957192889975835515e+00
2.068825702507104125e-01
2.778707699854088276e+00
3.023465974515330834e-01
7.782300071342294068e-01
1.269578690066368587e-01
1.220792306659523874e+00
1.551247852283855755e-01
0.000000000000000000e+00
3.514543901409571403e-01
2.738509379037399882e-01
2.033866396382642439e+00
2.011698475897859828e-01
8.020298674008252693e-01
0.000000000000000000e+00
1.803784800609626870e+00
8.035051393110788087e-01
4.970609206497074162e-01
0.000000000000000000e+00
3.220750890107662912e+00
1.114274661367410602e+00
2.087263867974950227e+00
6.887214855299435001e-01
4.703989279608841168e-01
1.008411829890376865e-01
0.000000000000000000e+00
4.495509660196403967e-01
4.719261239262232954e-01
2.043274628129265746e-01
3.037437268376455002e-01
2.373866439400281192e-01
2.349983194544142673e-01
2.038035296390848572e+00
1.120839414646069399e+00
3.508187691874434799e-01
5.217601555465951613e-01
1.864215934755814930e+00
1.153643969921333889e+00
1.661983945146985331e-01
3.293371488076012321e-01
0.000000000000000000e+00
2.947148481782653762e-01
2.023330068764221945e+00
0.000000000000000000e+00
1.759051826211917025e+00
1.011545076100148988e+00
0.000000000000000000e+00
5.665406219359878648e-01
3.557287100988707484e-01
7.180664594760308717e-01
1.419695772416977642e+00
1.611792750896156923e+00
1.694990177192209124e+00
2.159491942487415717e+00
1.982451441874234055e+00
1.020317343246363473e+00
4.242052339302682107e-01
8.262376242558423511e-01
3.886343075672820668e-01
1.962674976904334734e-01
4.330723531632174605e-01
2.054968773981867614e+00
1.648438122508740500e-01
0.000000000000000000e+00
2.645239034568878655e-01
1.327406425444355609e+00
1.088986938671016480e+00
1.688907933231651670e+00
1.039324677039411782e+00
7.815394253196175089e-01
1.424369899269161799e+00
7.785618374626825933e-01
1.312081090244508808e+00
2.884138500661070359e-01
1.563304031691354012e+00
1.464765439622355836e-01
3.280073950702911412e-01
2.317810544869467193e-01
1.371379006854421823e+00
1.698302836081674316e-01
1.145609393864642639e-01
3.821680737115766835e-01
5.386950570900513879e-01
7.659348960676419793e-01
1.615281758042819149e-01
7.130807716398297469e-01
3.686983762631015349e-01
9.391074959801610778e-01
2.644174291797622978e+00
1.432286186649036619e-01
1.238247013792124429e+00
0.000000000000000000e+00
0.000000000000000000e+00
1.309612421054635600e-01
1.271515677037630687e-01
3.159128235307314903e+00
1.061363767331430785e-01
9.092885738945662988e-01
1.783441374639450405e+00
1.076943161479537281e+00
0.000000000000000000e+00
8.571114032662724425e-01
7.608871130695891161e-01
4.563811201993103750e-01
1.510796259013752030e+00
6.097644975866185479e-01
2.729350717643117541e+00
4.182905920381545517e-01
5.912492348350729676e-01
0.000000000000000000e+00
1.947307839187609746e+00
2.002795512976653924e+00
2.235998251908452694e+00
6.371838173833427321e-01
5.050557723525282983e-01
1.629938672657682774e+00
3.170429079028796338e+00
1.106410268119365270e+00
6.883266420025366816e-01
0.000000000000000000e+00
4.550060691050680006e+00
2.291322815759193610e+00
1.445498538448480863e+00
3.299702309830292446e-01
1.260108317274174938e+00
9.513343213847161861e-01
0.000000000000000000e+00
1.120869559572856278e-01
5.938817787375936241e-01
6.755679939573098203e-01
2.730797885855594243e-01
2.514383972080562302e+00
1.227842720967288054e-01
2.984678750249979973e-01
7.625418905116686519e-01
0.000000000000000000e+00
0.000000000000000000e+00
9.194969342706034610e+00
6.280338105145842897e-01
8.352708526583972892e-01
5.516571421996795399e-01
6.550644303011878833e-01
0.000000000000000000e+00
1.247137479311807295e+00
6.026692363545284037e-01
2.561335081248933276e-01
0.000000000000000000e+00
1.628094287926682981e-01
3.205588837679754222e-01
3.601155528708617659e+00
1.840339397527971599e+00
6.665246942338017844e-01
9.838304025478774584e-01
3.612768563454376025e-01
1.800467661632281502e-01
1.107815161269765980e+00
2.456996708225598347e-01
8.972409688239445513e-01
2.604807084186770427e-01
7.799684652478364733e-01
1.254963601102625503e+00
4.429830920230299895e-01
0.000000000000000000e+00
4.431925435336548924e-01
1.003096304107972792e+00
1.143225873278415738e+00
6.350130074658588697e-01
1.314196118506475663e+00
1.823278863825821050e+00
1.453540749443546165e+00
3.024416353470418262e-01
6.183391694096136426e-01
7.073113425444234048e-01
2.132626244797058312e+00
1.084875783011855166e+00
1.089235028654883974e+00
1.821245451511362967e-01
2.307735522614380308e-01
5.390608873214194352e-01
1.250694897048143239e-01
7.923142652185184431e-01
8.099383897404659471e-01
5.972080205296460553e-01
7.802359491390830071e-01
0.000000000000000000e+00
5.050998128329425185e+00
9.499894392000112209e-01
1.481220622723165459e+00
0.000000000000000000e+00
1.651541610080197731e-01
1.438192920600763314e+00
9.560966606827444592e-01
1.058707167761663737e+00
0.000000000000000000e+00
2.993163030008669234e-01
9.516790582990188874e-01
3.657523230399739589e-01
2.055555664446376163e+00
4.970628083450372436e-01
0.000000000000000000e+00
2.683253615053757812e-01
4.164076999981198290e-01
1.610919792772983472e-01
4.257215337523765908e-01
1.554438335310837971e+00
8.490087327906068460e-01
6.480564028139897959e-01
4.610726314714417851e-01
1.763230531862807871e+00
5.258807042168708312e-01
7.296586407278198294e-01
2.434458942928661163e-01
2.191543303548868504e-01
0.000000000000000000e+00
1.889733471881798854e+00
2.250935096707200322e-01
2.848747401727666606e+00
2.438882814744785521e-01
1.200611302331914487e+00
8.549110105639059487e-01
6.014438536594013396e-01
1.644539894254662127e-01
1.390970857285193096e+00
2.488839750839252130e+00
1.385563189492212410e-01
1.696973340337735725e-01
4.421561689607609869e-01
0.000000000000000000e+00
0.000000000000000000e+00
0.000000000000000000e+00
1.286487862617348710e-01
0.000000000000000000e+00
1.790014720056984643e-01
8.374714933330938971e-01
7.040651845100699413e-01
3.792379812893158508e-01
1.204750627357500381e+00
1.626937130029912359e-01
5.344112939877304624e-01
2.063978276146897217e-01
9.401240234543554175e-01
9.656687597902520181e-01
2.257635530060472018e+00
1.440434119094804177e-01
1.016803209594713958e-01
2.370837389275679108e+00
0.000000000000000000e+00
2.064013387689090262e+00
1.228314137342702672e+00
1.642359721296272057e-01
1.419952407773543701e+00
0.000000000000000000e+00
6.607500199431276533e-01
4.270392199578829651e-01
3.470776430727562367e-01
1.211069534114317836e+00
4.595907158647290491e-01
1.368992555995795168e+00
0.000000000000000000e+00
6.086312039979451249e-01
8.169857247927363453e-01
3.153025763405259974e-01
1.536154346253316927e+00
9.087100651915952509e-01
1.526491729096329242e-01
3.268213439618457006e-01
1.085635891554701110e-01
6.937595718503887232e-01
1.585623933876704417e+00
3.786298274577029943e+00
6.437463115501168565e-01
0.000000000000000000e+00
1.338474456780793354e+00
5.557393376660318962e-01
1.334289977887541945e-01
1.006389703431209148e-01
1.157527257992481129e+00
0.000000000000000000e+00
2.915559388271339869e-01
1.479901406638454153e+00
7.866620825207433221e-01
6.038333017720287632e-01
1.982982469300974770e+00
5.496532645966073494e-01
4.874268009065017004e-01
2.349319061184393931e+00
0.000000000000000000e+00
7.128445940647987200e-01
1.187856166114700684e+00
6.540090979678341299e-01
1.638726640581003036e-01
3.663927480480646537e-01
9.369852587229851038e-01
1.186779627576683760e+00
3.435505944128110500e-01
1.499445190793285143e-01
1.183171641052083445e-01
8.727417686011933462e-01
1.179453582637424613e+00
4.459874991067558803e+00
1.026951978478483962e+00
1.138553644070653847e+00
0.000000000000000000e+00
5.427251953304749188e-01
9.140501637752427300e-01
0.000000000000000000e+00
2.859430943907184108e-01
5.410837232674599040e-01
9.649467175343304781e-01
0.000000000000000000e+00
0.000000000000000000e+00
2.374607217345871824e-01
2.639807631365307938e-01
0.000000000000000000e+00
0.000000000000000000e+00
2.222627344367278934e-01
2.864370921951730597e+00
4.191930721786490288e+00
8.232268691988609000e-01
2.311619937692926730e+00
2.918838147292964980e+00
1.660144227122293259e+00
2.681108711704490055e+00
3.884823098187742407e-01
3.373067853861094201e-01
0.000000000000000000e+00
2.226583014504012470e-01
7.243392677798489165e-01
2.047133614686441616e-01
8.602986247795840757e-01
4.956396285392825063e-01
3.933864848241309664e-01
1.494967011815985514e-01
7.776802235293331922e-01
1.534889447707668442e+00
3.083452993096377215e-01
1.194749132628044386e+00
2.039404513747809400e+00
2.357123583873157457e+00
2.089782222828921177e-01
9.014721058697715561e-01
3.350815110641723327e-01
9.697273243125335007e-01
2.602738026598582444e+00
1.125514031643844448e-01
6.081299716660907295e-01
2.751306196758041001e-01
1.453901895398262700e-01
5.681852408841052693e-01
0.000000000000000000e+00
1.549404995459920054e+00
0.000000000000000000e+00
0.000000000000000000e+00
1.981393651832442093e-01
4.470282786083899507e-01
1.692335645232136976e+00
1.860422047841755244e+00
7.834457047394796092e-01
1.184705160780602728e+00
1.394329156435064165e+00
6.659222447184030003e-01
1.871000371511513105e-01
2.866772387857498550e-01
4.363133015817637350e-01
2.177925862254583567e-01
0.000000000000000000e+00
1.381606696607251550e+00
3.156242306631439343e-01
5.353191368283626295e-01
3.126888411714200400e-01
9.330707562013270673e-01
5.253656267099567900e-01
1.386795412968343799e-01
1.500030044816652586e+00
4.770210764582812901e-01
0.000000000000000000e+00
2.447052835990422004e-01
0.000000000000000000e+00
0.000000000000000000e+00
1.151701813545510822e+00
7.950879023831936010e-01
2.458666117290930486e-01
0.000000000000000000e+00
1.077006173254333010e+00
2.745915812272874401e-01
9.821722477173797650e-01
2.179490849835285626e+00
2.779121425084551400e-01
6.464905870381405517e-01
1.683275380186994852e-01
6.693652265241422095e-01
1.417648732965969050e+00
1.152692155313283395e+00
2.379897026381568192e+00
6.340283156620017957e-01
8.661615543842388076e-01
6.534279880517329664e-01
0.000000000000000000e+00
4.576428532656728887e-01
0.000000000000000000e+00
3.675785734452624021e-01
9.443854054013084420e-01
4.116455782580097367e-01
2.124033078746559333e+00
4.503222050582189606e-01
0.000000000000000000e+00
9.836448257875188839e-01
2.350083742041561841e-01
2.223162461759130570e-01
3.092241514297173199e-01
0.000000000000000000e+00
9.050140443352406860e-01
1.577067179371669958e+00
4.603151030702794522e-01
0.000000000000000000e+00
1.580138447176014038e+00
2.108880895293407942e-01
4.658675527944196038e-01
2.221833623905314914e-01
0.000000000000000000e+00
6.083854379095742226e-01
0.000000000000000000e+00
0.000000000000000000e+00
1.611421313023598589e+00
0.000000000000000000e+00
6.528756046132001556e-01
0.000000000000000000e+00
9.995909097807951227e-01
0.000000000000000000e+00
2.201058870231447084e-01
1.180721892067078338e+00
4.895849465541040613e-01
0.000000000000000000e+00
2.567895310609666359e-01
2.819116547321434685e-01
4.267601294566337744e-01
4.980335992546317536e-01
2.291942760943354029e-01
1.457904105942537498e+00
1.830749388792527466e-01
0.000000000000000000e+00
7.755288709052606810e-01
7.982571802932058036e-01
0.000000000000000000e+00
1.894419113590934955e+00
8.756132119001762693e-01
5.414856107878380787e-01
3.688714143719645788e-01
6.755814193206124418e-01
1.002566643099634947e-01
1.064907916703726531e+00
1.680414321880394191e+00
0.000000000000000000e+00
7.419765103158730835e-01
1.814410899177767211e+00
1.259736015269292686e+00
3.193510903030984949e+00
1.659880982757497847e+00
1.995667828441747282e-01
2.824146636954837364e-01
1.853263420921724247e+00
5.278992647447560138e-01
4.111553318157333270e-01
9.852548353114101154e-01
3.067007232296916075e-01
4.714193562055969955e-01
4.673149381209673603e-01
1.433670359811833606e-01
0.000000000000000000e+00
9.109370542513458568e-01
0.000000000000000000e+00
2.135608861754377252e-01
1.296764351342960531e+00
6.318350241174112147e-01
3.676138392783749320e-01
3.397919551255124682e-01
0.000000000000000000e+00
0.000000000000000000e+00
1.837814100549418628e-01
5.279806198720945476e-01
1.521039332834223323e+00
7.722221092691439193e-01
3.174904330161628652e-01
5.290250642172681372e-01
2.659237778964697041e-01
0.000000000000000000e+00
0.000000000000000000e+00
0.000000000000000000e+00
0.000000000000000000e+00
9.866902452705906823e-01
7.232505275060115979e-01
0.000000000000000000e+00
7.558524975226801335e-01
0.000000000000000000e+00
6.617958624801280054e-01
2.476152633332795172e-01
1.581554609384142385e+00
2.199815287269928921e-01
1.246631161458624293e+00
1.981200131638215955e+00
4.927482139160282992e-01
1.007296128230243282e+00
1.128449064147656777e+00
3.700968925080023175e-01
9.441031715620481490e-01
1.566165590917768302e+00
6.380150621523813514e-01
0.000000000000000000e+00
8.102968293726284799e-01
3.101015266376042412e+00
3.564297158950162636e-01
1.599013761644037523e-01
2.603016960382793510e-01
1.416536293163563665e+00
1.536092783850990795e-01
0.000000000000000000e+00
1.921735426317851270e-01
2.766457658733711966e-01
1.725788508239451957e-01
0.000000000000000000e+00
7.698780254868172745e-01
3.129976430582839253e-01
3.982059424621218202e-01
8.310818304208489327e-01
5.931209077449259848e-01
6.222490154358177872e-01
2.602229822814725035e-01
6.414849289624943163e-01
3.035659787277976696e-01
7.838618575651460363e-01
2.587779913926547604e+00
1.205562075102970088e+00
5.700312529927883398e-01
1.690747928283466983e-01
0.000000000000000000e+00
3.863163889879083435e+00
1.071046100327821549e+00
1.092039035387543322e+00
8.667139593710360135e-01
0.000000000000000000e+00
1.148970865210405368e+00
2.502621917348966107e+00
2.031631076875774766e-01
4.396250470813253819e-01
1.685134057586014089e-01
1.815631638652548396e+00
6.384000290286028223e-01
3.106255974289979793e+00
2.039684266175764149e-01
1.199005546012456902e+00
1.755945111308178097e-01
3.020719623758658656e-01
2.101242340231312677e-01
1.880818558735990742e-01
1.181061659735788139e+00
9.679131735215134036e-01
2.322360893502768420e-01
