1.690913986745326225e+00
1.032747967781322496e+00
1.692598393809959523e-01
5.788527914457823886e-01
9.579772766279659457e-01
3.275651053915945021e-01
7.206579019754159043e-01
6.356156771984076137e-01
5.847523496852236047e-01
5.067790503654238110e-01
8.240046976666788314e-01
1.525664265339974568e+00
2.692668088684567196e-01
1.326599979141662278e+00
6.997053956384143847e-01
8.320273969008379344e-01
2.347388241539762888e-01
6.492804707954331622e-01
1.911005611107706503e+00
2.456508872253511666e-01
1.197699302335636512e-01
1.444679151282707852e-01
7.209800090363372993e-01
3.927385214289318416e+00
1.431829507908860322e+00
2.221311463192218394e+00
6.308541227927033646e-01
1.783177885934497997e+00
4.690722879269266787e-01
9.517654485575692824e-01
4.705496728448079757e-01
3.755186239451708263e-01
6.480202303818963783e-01
3.981551155981656875e-01
1.659935032726410853e+00
6.811386631403729686e-01
8.026536249028793923e-01
4.448109717399565954e-01
1.592297291697259087e+00
3.244656506495369186e-01
9.882547611888717887e-01
4.401245547499798572e-01
2.748453542127268223e-01
3.939742317362145974e-01
3.061522003821098847e-01
4.915664692657937263e-01
4.442747076937312301e-01
7.480660139563864997e-01
9.158727306727498796e-01
5.179191105366539594e-01
5.707955043549540752e-01
7.343829641144306031e-01
3.783622317899081322e-01
1.026883015952968492e+00
1.143141061639954215e+00
6.858232331134624937e-01
3.958095328498448584e+00
1.214056400558539472e+00
5.326887538116383825e-01
4.361607732077641963e-01
4.839634920519125805e-01
3.900879237807199362e-01
1.437676289706768529e+00
3.334547768810103285e-01
5.461302672136935099e-01
3.815791936778127336e-01
1.345743011521818522e+00
1.873372475876747822e-01
4.360495712691485615e-01
5.285993254446867962e-01
7.523791726736763774e-01
8.425875723943232476e-01
4.903519335908612664e-01
1.285641693401926799e+00
7.496139210313047530e-01
4.195954493005569219e+00
1.743558087640110221e-01
9.574139134501725712e-01
2.525601022163187492e-01
3.077686070597105972e-01
2.852134533691494944e+00
2.353377001802105628e+00
1.320006562933354055e-01
4.876199540206392347e-01
5.528446284386170362e-01
1.058883875992492757e-01
5.604224475227873592e-01
7.982551256217237379e-01
6.933725154346253028e-01
1.181837082241535691e-01
1.413638091099991279e+00
7.086703447035114234e-01
5.545880885436611507e-01
3.188245368977823957e-01
1.030008663339990527e+00
1.214843572005797068e+00
3.962640444275817853e-01
6.260469504795587170e-01
1.129301046164043587e+00
1.220151946123520514e-01
6.401713070503818326e-01
1.266959052685736609e-01
2.785027314677708810e-01
8.485732639886039985e-01
5.191858276796506022e-01
4.231152486581096217e-01
4.598812006310826206e-01
1.148626507431643962e+00
1.025791350314714245e+00
3.104243206919672926e-01
7.366463003278312938e-01
3.998579974861560249e-01
3.988680541068959862e+00
3.225537819844480070e-01
4.537254471325964933e-01
4.408257816337404766e-01
4.101546525864423476e-01
6.523874366498523258e-01
7.250167333407941950e-01
1.596363922644037925e-01
3.684351047966206161e-01
2.026331582951703403e-01
1.566688664233526485e+00
4.188154006651648054e+00
1.762240099630770329e+00
7.687315134317181942e-01
1.320503212823006534e+00
6.659426079633168349e-01
2.193225518106944438e+00
9.943278348863086036e-01
4.848298302773840218e-01
2.360666837638924209e-01
3.492490212150685114e-01
7.490604562611411499e-01
2.185656647135143238e-01
4.880026176436051411e-01
1.702233220298195127e+00
5.965738549692828352e-01
2.852821763366099272e+00
1.854717661690139963e+00
4.629651346234308629e-01
1.964301348985752205e-01
5.607763813276422926e-01
3.966782135788853303e-01
7.883622936816635507e-01
2.120233829035135020e+00
2.372873967054446309e-01
4.269952638574123216e-01
7.602408101914616134e-01
1.444811030779390881e+00
8.768419926293192779e-01
8.117507962901159280e-01
1.708540570726936769e+00
8.648599037055841876e-01
4.821001783537839924e-01
6.100759143065165313e-01
3.309932959777865946e-01
9.024264120697272906e-01
1.238623060011536214e+00
0.000000000000000000e+00
1.544220234384719559e+00
5.569852177441078078e-01
8.425778326284278918e-01
9.899500510409678933e-01
0.000000000000000000e+00
2.238579793032961229e-01
4.464263107899560934e-01
3.094023898362451286e-01
7.256686484822992833e-01
3.859961290339675721e-01
1.482497455114354379e-01
9.510751951529103909e-01
1.405093009055459641e+00
9.152866547489716398e-01
3.294800248584238700e-01
4.729869016983289098e-01
9.037002576547450428e-01
9.441778219980572207e-01
1.304068393197104214e+00
4.604546970296543029e-01
1.869892010626007517e-01
3.385249710280894275e-01
8.932469893303504049e-01
1.056730305073015019e+00
3.455750693556053132e+00
6.400206331543559779e-01
7.087103395675548034e-01
5.056861504723683121e-01
4.212269056845143744e-01
1.089174589786515490e+00
7.731997082647680264e-01
4.937017996089816396e-01
2.456720144690572594e-01
5.281072648370959133e-01
4.262259184671552958e-01
1.590644031323074303e+00
1.243215119777091981e+00
2.572135632329363153e-01
1.482507179518123053e+00
3.687702525634858342e-01
6.482427733883118215e-01
1.525306081615334097e+00
2.567115049020532447e-01
6.625358100705067699e-01
2.358922302559318396e-01
1.233117293463096564e-01
1.283099010216480540e+00
5.960575202060963695e-01
3.018291717028116494e-01
1.637783305108252152e-01
4.226637828876465552e-01
1.705304057028272702e+00
8.041055597425509349e-01
4.324843521998313345e-01
3.404051513490231606e-01
6.342257383334796161e-01
1.690020704866148360e-01
1.708892002079378081e+00
8.715791003466795139e-01
1.515098543363779582e+00
3.712778640665737595e-01
1.154725906071081498e+00
1.010377254611233733e+00
1.709378951624344889e-01
6.565007523630842501e-01
7.498282749345025477e-01
3.679036737314174688e-01
4.368624437160066876e-01
8.260898263436416977e-01
5.653364119706489888e-01
2.608595648908714204e-01
9.353471541939862854e-01
6.992505859551272351e-01
7.113027908278246603e-01
6.291475880538699439e-01
8.346167717724507495e-01
4.635682729455457562e-01
2.922321847236076242e-01
3.219175342614297164e-01
1.411227804662147145e+00
1.159988592310130379e-01
8.980159676244925393e-01
1.838124920181680444e-01
1.608826132348407378e-01
2.604733179222399886e-01
4.742470455862323742e-01
1.045406659652990289e+00
1.497600109809014146e-01
2.223895608078317654e+00
1.478427407172402841e+00
5.241072845442027450e-01
4.619971083558666036e-01
2.717627233305597856e-01
9.327971441746721881e-01
6.157225495996199172e-01
1.803359733151942423e+00
3.365621364211977551e-01
9.033503118678501975e-01
5.660312273854530840e-01
2.959357223578596430e-01
2.669371985455183172e+00
7.288293324438177567e-01
9.571488142933133325e-01
2.478691812938571548e-01
3.269014313174830044e-01
6.233242963838679929e-01
3.651072527909319243e-01
9.432893690022150501e-01
8.275317460466052877e-01
3.116499876207033948e-01
6.800076623833247735e-01
5.846276849119337315e-01
5.110641121584089674e-01
2.324570478326029865e-01
2.986727450429209063e-01
6.896028565609344518e-01
1.311521225848372163e+00
2.681635406222929174e-01
1.543025728094788329e+00
6.744335691964276069e-01
2.110087507869095880e-01
7.548108761916365594e-01
1.183670123914753569e+00
7.200142707405805531e-01
3.725875486324077279e+00
7.459730082154643060e-01
1.190116528230878323e+00
5.879097421684240654e-01
1.276420023017855732e+00
0.000000000000000000e+00
2.934588036162197877e-01
4.354294606752804886e-01
8.720936369352273454e-01
6.775072478616932514e-01
1.388441172112125255e+00
7.753437912364381512e-01
6.878831152630270340e-01
5.188960889348742667e-01
6.643962151802679239e-01
1.131574456763555503e+00
1.066348255773025056e+00
1.177729641410580230e+00
4.809629499071803038e-01
3.341900899455552132e-01
3.996684037224037533e-01
7.707286806945419233e-01
2.115234826038234761e+00
7.057257402561508686e-01
8.589900867811928187e-01
1.546046964436826876e-01
4.972527421610392295e+00
2.410338967398537868e-01
2.494843712526283674e+00
3.734997763095060930e-01
1.253787527124754719e+00
1.118710346089713870e+00
6.135187332841980368e-01
5.101123429585704416e-01
2.745648440192219875e-01
5.582906347564740024e-01
1.406225215828372788e+00
7.848191548908687309e-01
2.874320513884035533e-01
1.471733940987141498e+00
2.224789489582446322e-01
6.892655376453784566e-01
2.856609851986788851e-01
3.115640955882154062e-01
1.382349437113424173e+00
4.024144672320233984e-01
1.734162433391479297e-01
3.787136783807327212e-01
1.067476536673940712e+00
3.251335109853552008e-01
1.540067305074171999e+00
1.305552565980668378e+00
6.179340188379937038e-01
1.490312650861117527e+00
2.586644132577766264e+00
1.192051645987005914e-01
1.470130458433640319e+00
9.487839310358954226e-01
4.499760202466587256e-01
9.913540783630339082e-01
8.004195866246387459e-01
3.675508918473386899e-01
1.916642032907390103e+00
6.519401559922701761e-01
1.507802666384193246e+00
4.787406302114475265e-01
1.574780344255319042e-01
7.088144246010585903e-01
4.828420082815540471e-01
2.125320997192575723e-01
1.505327902632286052e-01
9.542407679437635570e-01
1.609225528945774863e+00
1.782238897113026965e+00
8.934900948893447215e-01
5.846637582876339501e-01
6.780975474007214787e-01
6.040005009462601215e-01
1.100481949180327490e+00
3.927772612105027150e-01
2.124025909590568084e-01
4.889924588492282620e-01
6.823706996567101557e-01
4.751026641562959840e-01
5.949047758724934631e-01
3.389807550827275584e+00
1.182338294025016445e+00
1.921540225644621513e-01
9.830747209635691819e-01
1.021526610417620023e-01
9.561496309153620921e-01
8.536683090714204392e-01
5.950423035915809455e-01
2.682691427957733521e-01
2.652765269261456726e-01
8.106054612877120480e-01
3.564918583665599439e-01
1.138447418198929029e+00
3.538453921380106393e-01
4.358099778989859008e-01
1.069912709143556739e+00
5.671442492616742825e-01
5.101142523311196220e-01
7.230028887945473270e-01
7.868201685484761398e-01
5.449113297048038262e-01
6.983052711581886340e-01
5.311533076318563085e-01
8.100023983859514498e-01
7.336291285152245489e-01
8.723340720349942456e-01
1.108950293277734866e+00
2.555118296745786388e-01
1.966837740121650524e-01
4.708566931813047418e-01
5.081217279965221101e-01
8.435875746704616374e-01
2.196138664882677782e-01
6.798101379821415158e-01
8.256042890558442648e-01
1.575589966581775470e-01
8.252654553636141754e-01
1.782925418278515917e+00
6.438647567765393154e-01
2.856005503202553308e-01
3.673226458327003563e-01
5.488340859644973424e-01
3.838815803158752149e-01
0.000000000000000000e+00
1.877927535667005765e+00
4.011089883418101909e-01
5.049904500422078835e-01
1.221156191128448976e+00
7.034178461446772834e-01
3.942040523276674202e-01
5.409733655288540000e-01
8.943313863782528239e-01
9.054490784168250928e-01
4.999647701214751661e-01
1.100492824978755113e+00
1.092072425943398484e+00
3.944828810985648304e-01
2.606199946305823301e-01
7.573424821772595239e-01
9.261109455948349778e-01
4.033541018009567658e-01
4.112093893435327385e-01
8.949520311698064834e-01
6.607445238974012369e-01
1.728115159147752378e+00
8.800964247834773824e-01
3.924738396449894751e+00
8.898985729282952173e-01
2.845304306776465508e-01
4.974560371082586419e-01
5.398949661470439088e-01
1.519267571375708115e-01
1.001367490559122109e+00
6.117584639230303489e-01
5.721048783226793111e-01
3.743160660473631718e-01
2.405328546425375413e-01
4.898245978604072737e-01
2.892864511128924732e-01
5.877962781775236678e-01
2.822400139947677244e-01
1.877577767169350820e-01
6.286168489831824857e-01
6.804781871413720928e-01
8.999537269461512778e-01
6.096127396220430983e-01
1.882355661791103474e+00
3.503665561451545507e-01
1.415671791536482926e+00
2.633935473967741192e-01
3.376068659886505841e-01
4.200357885555192627e-01
4.780785552557256235e-01
1.978385079544385361e+00
3.466115090353912853e-01
2.111445263709081643e-01
1.065986707955730362e+00
5.717080876865124894e-01
1.676236522594335421e-01
7.688043688084689187e-01
1.238488392854895981e+00
4.281072830988160716e-01
2.030266417872640172e+00
2.005973357274780433e+00
3.350920116259507031e-01
1.163711862317479362e+00
1.088011365243492790e-01
6.678015408297095501e-01
3.178220252562134474e-01
1.263958335702798141e+00
2.894941944875026318e-01
1.326139794672733130e+00
3.065692219077778558e-01
4.136882011840478657e-01
3.184363499703822264e-01
6.951674822162704492e-01
1.942729115865951817e-01
9.776599877625457014e-01
3.400027914645663007e-01
3.502556750786446127e+00
4.784566362810824258e-01
3.163571534916524985e-01
8.560992138507943494e-01
2.995603550870126197e-01
9.366471751677329927e-01
4.069669456725479861e-01
8.608429034412453662e-01
6.096024738672700671e-01
9.017910589003077515e-01
3.373960146578679486e-01
3.439655243072381463e-01
1.843015304539767474e+00
1.760710287345522485e+00
1.217812656359940959e+00
3.685017650937020828e-01
1.616137884048902018e+00
4.479535961294986990e-01
5.183665588647784483e-01
1.359000243037790989e+00
5.331969802707382522e-01
5.649009310541860396e-01
4.502776917375173604e-01
3.421135481299528713e-01
3.316430617676900394e-01
4.391078673606228500e-01
6.580607258987012376e-01
4.568682896225224055e-01
2.269368497062654866e-01
5.172100683269055255e-01
4.867145437219878579e-01
6.163893206881870812e-01
8.366527098301107523e-01
7.373116643817894111e-01
3.005900176492349307e-01
3.003589638297660125e-01
3.929763013955129836e-01
3.194046921684347007e-01
1.635388580833307959e-01
4.005228058585047490e-01
1.854639465732614012e-01
2.120787754955183180e-01
2.160600489109875955e-01
2.509522043821748039e-01
2.355674039432538169e-01
2.811809562061643453e-01
4.732214073046130398e-01
1.118203763759160640e+00
1.983200422491603609e-01
1.360187640065868342e+00
8.865946319519676377e-01
8.929642050491377603e-01
4.757577825649143555e-01
6.795651534925504222e-01
9.142396289504082230e-01
9.626751791191918706e-01
4.439874877897035943e-01
1.051001148745397629e+00
1.525500171822513629e+00
1.266741203669405458e+00
1.023371917552937660e+00
3.591589702869696921e-01
5.849484446526068693e-01
6.554895957804250939e-01
4.025116277170149859e-01
6.940904924152067057e-01
6.669787364245606254e-01
5.598996305165135912e-01
5.168901429683584459e-01
5.665089216907411851e-01
5.986328707646865199e-01
4.346297358990425241e-01
4.150446655828541886e-01
5.595179217166249552e-01
2.371640075069992026e-01
1.318768781929326728e-01
4.900636759062985681e-01
2.268732921164101635e-01
2.172348641421784965e+00
1.039503668377661949e+00
1.581730398734138676e+00
1.047263546618513175e+00
4.507609202610090571e-01
8.699808957756748340e-01
8.833390729427339494e-01
1.935342724887944288e-01
1.091735374106716394e+00
2.844931412917267033e-01
2.270306279567169960e-01
1.054376845251113748e+00
3.685129353503397431e-01
2.701428800885021242e-01
1.507321742483408000e+00
1.418575348904711486e-01
3.146390010227709810e-01
1.432460410368672443e+00
4.939914735989533234e+00
6.135806283300919706e-01
1.210202197500579446e+00
2.624735489138407818e-01
3.064973537826186867e+00
3.634370317908120485e-01
0.000000000000000000e+00
6.361222870140242902e-01
6.532048028357498870e-01
3.112283323680816727e-01
7.161172188601243604e-01
1.665854487649329752e+00
1.980530617731004750e-01
8.694534186061351200e-01
2.650943924716327449e-01
1.913212050150456367e+00
9.199414649788915099e-01
3.866249590547811699e-01
7.266037039152387633e-01
4.268061996816868153e-01
9.790461790359009653e-01
5.714702625185968943e-01
1.659953721911821223e+00
4.904052867518460701e+00
7.665779567687024398e-01
1.171288157322736723e+00
7.881377492896163295e-01
3.885522972919502882e-01
8.576260650215632442e-01
1.273189060870013378e+00
1.147370759770455440e+00
6.605525518678404540e-01
5.149850438643411854e-01
2.519644248037542056e+00
1.225426610003417904e+00
1.761260928847946383e+00
3.458296082828502538e-01
1.818992317769334122e+00
1.813955086376907444e-01
8.539515288520527214e-01
5.966173268193343260e-01
6.632854946966125764e-01
4.194802301281758683e-01
1.227118217330929628e+00
8.963851698327472972e-01
6.812364908772532424e-01
3.041955528342831894e+00
1.341303539034860881e+00
6.747957235414174804e-01
5.774168688365859392e-01
1.188749332645028384e-01
3.490061154979198776e-01
3.964855663162966115e-01
3.046080385060626616e-01
5.341391805557827999e-01
2.500834617015152528e+00
8.791989727324308612e-01
4.830022488705922323e-01
2.445188417220547916e-01
1.247818430887602137e+00
4.846570407593438490e-01
2.601245215839618208e+00
6.611199300919887722e-01
1.834751813735726822e+00
8.505360704746636191e-01
6.191096607520035766e-01
6.446265599064850971e-01
9.612368423085174696e-01
5.703311559646897511e-01
1.663005800232015552e-01
1.290080932933414526e-01
3.282401503493718176e-01
3.029010480442252407e-01
6.890074959876296701e-01
5.249266511650775291e-01
8.644932030535972256e-01
4.876229299160905750e-01
9.134724813534743637e-01
7.637211646023883693e-01
1.409307321866728246e+00
2.835860573324410772e-01
1.273506480679469366e-01
3.546288726240749423e-01
1.043723671234119577e+00
3.441243610614597159e-01
3.972348337180154898e-01
2.077749489929159865e-01
2.673064104736883051e-01
4.989337159765908081e-01
1.440796980256156545e-01
5.164474998141930229e-01
5.911642110551098561e-01
4.972529628704004390e-01
6.438541389585787922e-01
3.426654268686627480e-01
1.624595842447662086e+00
1.098330815217496204e+00
3.094738868469761872e-01
5.481074112141787191e-01
3.425321138453027991e-01
1.611969138604432805e+00
5.295951743271665180e-01
2.229555422372720974e-01
1.146768602410229931e+00
9.502633011289347564e-01
4.951559759649820647e-01
3.831460393704884115e-01
4.169207102748178628e-01
5.545862325743797783e-01
2.498040087497574724e-01
2.469946429577681624e+00
5.492406565368110893e-01
3.400452661132160603e+00
4.058906747997165221e-01
4.928508095783929455e-01
4.603595399827992152e-01
1.203451563415393277e+00
1.296156820806308563e+00
7.499921390677465327e-01
1.448081495150953968e+00
1.471786680043690509e+00
1.296681638256393709e+00
4.176302137762865629e-01
2.333954340131604299e-01
1.586337087230427212e-01
1.814034837149755552e-01
4.526390440440384300e-01
2.078063486740998056e-01
5.343586766964084633e-01
1.924346950032489678e+00
5.143378848672502945e-01
1.283086849239180594e-01
1.141442628496603051e+00
4.866748343647943620e-01
3.908090518561924687e-01
4.691586380988976845e-01
2.018374320566808100e-01
5.914598409930464928e-01
1.065712868399580460e+00
2.567012935740210500e-01
9.193823748040078625e-01
9.487293900254083479e-01
3.698520803340675234e-01
1.306506566157120020e+00
2.306222638476363163e-01
8.284375181109969732e-01
5.195283222215543173e-01
5.455371087421607701e-01
7.952191165336101042e-01
6.914446155972536756e-01
1.212361704387178996e-01
2.064928068969972275e-01
2.454953685840582656e-01
4.824693509920836565e-01
1.087669188553016753e+00
1.359413854312164105e+00
9.973961427945029490e-01
6.703948577019946953e-01
2.681495015358403289e-01
1.499424646355985269e+00
6.342888041719578762e-01
2.164460353567496942e-01
3.548866913265794620e-01
1.544110609617016738e+00
1.835140681279881170e+00
2.756212608383182827e-01
3.146939542654502819e+00
1.208484014578677046e+00
9.180840473077039876e-01
2.286474144562913313e-01
3.259508459221242660e+00
5.584557392441797941e-01
3.193659927214678174e-01
4.118820958722948511e-01
5.358497752913224943e-01
2.638593425404716641e-01
9.523548527073436576e-01
5.305872974695954314e-01
1.457507748221755495e-01
2.896617622555514027e-01
2.350971941414682354e-01
3.053681867996155264e-01
3.754169153297581829e-01
6.770332817474344900e-01
4.603692192110171444e-01
5.018083301178877242e-01
3.200116785983055379e-01
1.009523790177931923e+00
4.668924658373527770e-01
2.863384766770430634e+00
2.851009468202160835e-01
5.639385406376931087e-01
1.649076186185593818e+00
2.329627612687247828e-01
2.723249681862199845e-01
2.387048754771662340e-01
5.252433119701769293e-01
4.609474879872115793e-01
6.913032482651451094e-01
1.425360327857352782e+00
2.310384984953211818e-01
4.281127337353820006e-01
8.020870778754993768e-01
0.000000000000000000e+00
3.824006388253669009e-01
4.046934058379735299e-01
3.591255687381340045e-01
7.313557580969112237e-01
1.401715247388036545e+00
3.787564491893650187e-01
3.375276997484288444e+00
3.321677959829928972e-01
5.551706990404716713e-01
6.933520316116337234e-01
1.720401443387167273e-01
8.405604385108798038e-01
5.926416142469647097e-01
6.604044804258955015e-01
1.336592348792314588e+00
6.044312898587030913e-01
1.413217357729514179e+00
1.998413972520759196e-01
4.757164110197509288e-01
1.590270093856507527e+00
5.463824259933955929e-01
2.194405766938496150e-01
2.311378789254698307e-01
3.179465852423588590e-01
2.039433284770027777e-01
8.661291963593337195e-01
0.000000000000000000e+00
3.020681448673401825e-01
1.915664632189031380e-01
1.942529431750827096e-01
3.694863967214318534e-01
2.169807363469669070e-01
8.539164874811278061e-01
3.098759224051134131e-01
3.746405592796987483e-01
1.138953133259660522e+00
7.248244825239514855e-01
6.446836036425822591e-01
5.708169279077710545e-01
2.370524684982593666e-01
7.417509279020635393e-01
3.173620813468360780e+00
4.721904354796200298e-01
2.611369347706809507e-01
1.730392242981014794e-01
1.252309153746959669e-01
4.427826775748373578e-01
3.782153770441828988e-01
1.344652484808795734e+00
5.466490955098277649e-01
9.891749883977172253e-01
9.595515194250467950e-01
1.520260139557144674e+00
4.551971527929316585e-01
1.266344484156494143e+00
8.359696007738284251e-01
2.490341167734354821e-01
2.566316144177681613e-01
8.152106109170415005e-01
4.528176271349873550e-01
0.000000000000000000e+00
7.156470847108556965e-01
7.177912317268437814e-01
6.828663847445437529e-01
1.975223649368333279e+00
4.237473801368751847e-01
1.704836012872552875e-01
9.678474973508033319e-01
6.596289788489841932e-01
9.422745635802812769e-01
9.780723723106587997e-01
6.568178947345357788e-01
3.749082106951784898e-01
5.529974272782643974e-01
5.135060931784762861e-01
4.045207914924021098e-01
6.606690074740733110e-01
5.294927458551705879e-01
6.059208987252039380e-01
2.436206768136215950e-01
4.637041594169296621e-01
2.328815088135351985e-01
2.498739245373931273e-01
1.753192959073873736e+00
2.583398255688745260e-01
8.594005362247059132e-01
1.514860219980071476e-01
5.364130478446911265e-01
1.342204444656630802e+00
1.091862100421752579e+00
3.220039752864996552e-01
1.099651155976559602e+00
4.326039664632342907e-01
2.687803241956265854e-01
2.217653601408435537e-01
1.169065765593450823e-01
8.484000179394401986e-01
1.083854183965307971e+00
2.218548589638990265e+00
4.399949702271938601e-01
4.483595691151192053e-01
3.726537723063167440e-01
7.481258854562753413e-01
6.605862834249791593e-01
1.748159805286790269e-01
8.536077659290719488e-01
9.201725175583995719e-01
7.140913132676264263e-01
4.804697281002657805e-01
1.257437371569570528e-01
6.318874840302569629e-01
5.350247834187457086e-01
4.014039060134854120e-01
6.152133323598374393e-01
4.869599410297851261e-01
6.171708707168352959e-01
5.307791539385614543e-01
4.001615559182471471e-01
2.399399018899713854e-01
2.163695369779867761e-01
7.657573944315684278e-01
5.657663897631732830e-01
8.069994883989800583e-01
8.263209406221776465e-01
5.256480331433593944e-01
2.698030523588357710e+00
3.899170894188431769e-01
6.151770828180505024e-01
3.882817687676493046e-01
4.372566053475347991e-01
2.548610322340076340e-01
1.004044314647344338e+00
3.813635911599589368e-01
9.845974444024947481e-01
1.365202701428584797e+00
5.729184262493736135e-01
3.809314024722548764e-01
7.466264984053024856e-01
9.160438897689382465e-01
9.797643733221260698e-01
2.014787568797034578e-01
1.942577971146523863e+00
2.885031693181475676e-01
1.931723390979088739e-01
9.533777786134245424e-01
4.423565615991380540e-01
6.360657150852728758e-01
6.922710896804472602e-01
2.307834170610829183e+00
6.567432075317763962e-01
8.485329065538583793e-01
4.442100716809888050e-01
3.315658936904606890e-01
1.161393618628356217e+00
9.326546821907000240e-01
2.054995520066553727e+00
3.145193698580919239e-01
7.842908589359585125e-01
1.080231964389773758e+00
1.533693625298866159e-01
2.102759158968955377e-01
8.639280399096734842e-01
7.014945040613236316e-01
3.496040727133969961e-01
1.207734041236547817e+00
2.846826611506588223e-01
1.840665611915665301e-01
6.237449659788806278e-01
6.477402702916098542e-01
1.242392469268274846e+00
6.972452615771298490e-01
1.135203296257748740e+00
2.684229420074436545e-01
1.163388000924756360e+00
2.527115606061617892e-01
1.326138244422188972e+00
4.978471525082595606e-01
5.789528547274164216e-01
4.184091079873354380e-01
5.256861098700588153e-01
4.514621491603616477e-01
1.810230488972865148e-01
3.003735057370379158e-01
3.533694252433565719e-01
7.213930186850739945e-01
8.876406905388098956e-01
4.554479160384813374e-01
7.923359707689930920e-01
8.357325325824512818e-01
4.549587605710890825e-01
0.000000000000000000e+00
5.992384776689170245e-01
1.864913504890343132e+00
3.782480290116334576e-01
1.053503873523638612e+00
3.306708031668214032e-01
3.443204701237577159e-01
3.154654020916485724e+00
5.497049773582995957e-01
2.741953414299355130e-01
1.456457221456634255e+00
7.472922792294643957e-01
7.974844372674109172e-01
1.280063879924703274e-01
4.434326665348439223e-01
6.162016417629556653e-01
5.125865755148329983e-01
2.588591103151108852e-01
4.468813307753876085e-01
1.845145103904804351e+00
4.264866170265319556e-01
9.742966036916571593e-01
