9.941546124364317727e-01
5.831458439028107676e-01
7.866763777259072610e-01
2.203052136828648422e+00
1.156022006178250849e-01
3.786521156801815335e-01
1.308133408160757627e+00
2.046181294170563270e+00
3.997012743692781034e-01
1.060573837673058684e+00
2.746445977372335978e+00
4.946825766374712274e-01
4.640498939928829336e-01
3.596733329859997941e-01
5.080710471769804837e-01
6.854231345547421306e+00
1.944131721706485516e+00
4.466773289848832151e-01
1.975590864685440540e+00
5.775975721434335464e-01
7.978098579813394098e-01
3.887379629410503412e+00
1.985692869807466954e+00
6.594545687658500688e-01
4.511978796010663317e-01
7.103786955231894407e-01
1.228020416840446133e-01
5.498060197788949832e-01
1.841394296850238588e+00
1.705546034353314366e-01
1.114639606052783227e+00
1.126459432561304430e+00
3.549174503683056314e-01
7.233957794012013665e-01
2.324987501782379562e-01
2.732651994879686352e+00
7.282954030555274016e+00
2.810790305913012932e-01
2.734677427947326045e+00
1.064551794518842520e+00
1.569577909044182595e+00
1.192755514540407846e+00
1.075533272296143927e+00
1.887568525773302142e-01
4.957353692792889621e-01
9.967242955213949651e-01
1.694480598106309355e+00
5.475930950398476549e-01
5.929002155341093205e-01
2.274358080139965654e+00
6.302482373361690371e+00
2.651962404710937804e+00
6.916312551613263970e-01
1.114676399479895386e+00
6.850778805646300373e-01
6.650009783521951823e-01
4.546682520718558496e-01
5.310020250850816526e-01
2.512540312633676498e-01
9.216842281876410636e-01
7.152457853738056759e-01
1.100508945906950142e+00
1.192118866492245743e+00
4.077284987977852215e-01
3.675500522528929004e+00
4.141567957045825032e+00
1.122846565029405719e+00
7.318040748848997357e-01
6.967765782583303924e-01
4.884755442093808853e-01
5.810721581971574068e-01
5.422802982231331725e-01
4.488511074193222150e-01
5.385905048654413996e+00
4.686340160675478650e+00
1.112587251794144860e+00
1.522496741737421333e+00
6.652668140136206443e-01
3.350934855138809620e-01
8.489059362089911298e-01
9.276530201526034247e-01
3.294741767823880507e-01
9.639729799158434087e-01
1.160731901840025593e+01
7.424044280744890312e-01
6.587552391152872167e-01
1.902708622857963494e+00
1.622848892358555783e+00
6.285472482496216040e-01
1.202964301991265472e+00
9.881656276283482532e-01
6.071096927582455560e-01
3.631939023616973516e-01
6.279821021066398501e-01
8.381687319630775068e-01
1.272633901937649359e+00
5.521480595372811884e-01
1.222063194522325702e+00
4.830719738650485207e-01
1.268783872856711126e+00
1.742377569491836198e+00
1.749444956893666081e+00
1.142300324555256319e+00
6.231634405283700273e-01
1.396257339014036036e+00
2.347131371639335384e+00
1.180078101562320736e+00
7.603960640868367094e+00
6.514903457304131784e+00
4.398126078209605438e-01
1.973094688567044175e-01
4.319824732348295226e-01
3.380092746397917569e+00
4.488630072449690367e+00
4.969505538433952041e-01
6.930512912707355033e-01
1.006218153308317875e+00
5.747056732690059011e-01
8.441177635240537658e-01
1.390824471929665407e+00
9.125041205618654727e-01
1.462627183647196905e+00
9.599821553144461950e-01
7.419124173565847524e-01
8.979202837789159730e-01
7.539768704711099501e-01
6.843884987770439965e-01
9.129688799305621938e-01
8.190799048384651559e-01
3.325675409590850840e-01
5.769386384314679761e-01
4.020098546047075949e+00
2.070801794528355222e-01
2.406181515352316669e-01
5.893240158157776465e-01
1.076658316449174313e+00
1.074155784721502371e+01
1.199597361507311533e+01
1.241630415822493738e+01
3.621166432442146088e-01
1.289079466586011247e+00
9.562223202022210877e-01
4.482540780531391045e-01
3.999441599885338317e+00
5.363137785791272094e-01
3.188853482077321644e+01
1.077442976768522298e+00
4.614021471727882129e-01
7.304695465307164959e-01
4.696526712705635931e-01
7.657644102649597828e-01
1.104866893233083625e+00
1.464577820880498482e+00
8.886685696905967102e-01
6.239427648992897923e-01
1.065743729404542872e+00
8.135520268022449208e-01
6.918687640603280453e-01
6.395523869818032781e-01
4.934118481331818962e-01
8.288615073276901501e-01
8.973487859285022017e-01
2.871294024515173682e+00
1.514606574835624109e+00
1.699438389142983841e+00
7.140865346453292295e-01
6.698485882702029937e-01
1.261262076382164254e+00
1.443825160061151580e+00
3.671790948063688442e-01
3.946477688364158909e-01
8.366319672912373440e-01
4.306501411581588057e-01
4.991122475505040512e+00
2.140559248202400067e+00
9.489700409639461043e-01
5.062543473049830878e-01
3.972491697277055200e-01
6.932045850308276691e+00
1.429225933572674689e+00
2.350873118826235508e+00
7.309435320826738192e-01
5.477704735630897215e-01
6.105742437351970864e-01
2.319067089032667894e+00
8.647901906089898727e-01
1.285473716892680862e+00
1.904515543651114751e+00
5.505146356910436412e-01
3.151950159128231177e-01
1.528486429136983071e+00
4.973678977548607882e+00
4.502425655989578779e+00
8.949832997364682852e-01
1.198058688002610728e+00
1.529452526716294392e+00
2.929415256156802982e+00
4.339646729698100058e-01
7.584423041521152209e-01
7.753176306776540239e-01
1.388864016046206240e+00
7.871839596660261673e-01
2.331530724974338220e+00
2.222704677956910402e+00
2.994165491937911261e-01
6.136123654142383588e-01
7.031973605848241604e+00
2.304819517639082882e-01
8.983185275284018001e-01
4.426566789589888806e+00
1.936614119408725410e+00
6.038883687969056613e-01
1.108498021364292097e+00
7.969895836364900843e-01
1.099564176234534285e+00
2.784118648157016818e+00
1.015744107855076628e+00
8.991553978680129067e-01
6.367996922357717082e-01
5.638192763413284458e-01
9.919046791841191757e-01
3.195821566658031410e-01
1.207246344970291485e+00
1.845896749901409395e+00
4.554455386522165306e+00
1.352143195244302154e+00
8.911160105074512616e-01
8.860976071310017188e-01
5.393257739314825550e+00
4.974221669854737016e-01
7.670847219524672411e-01
1.005784392738380717e+01
2.122066499336077439e-01
1.408808121065878050e+00
2.031829937310041245e-01
6.389507636833904325e-01
3.051127729413369294e-01
2.828194213371919008e-01
3.640929131561422283e-01
4.431857533215134981e-01
1.186212993986081932e+00
8.083034303171215962e-01
2.085531937371019939e+00
5.336766751320352054e-01
4.701408739438667217e-01
1.447011451761389678e+00
2.333392126005764844e+00
1.026208417256222916e+00
1.419789378594705331e+00
1.129606790239523484e+00
1.026546351730821982e+00
2.355275536650819568e+00
3.287466626763840161e+00
2.247653848003707822e+00
5.524154753595289513e-01
2.554354101079600703e+00
8.031684578304746358e-01
1.515148440887166270e+00
7.685806458596948776e-01
4.711491028395126679e-01
1.425528199500526672e+00
5.347485933066788988e-01
2.264015304995121713e+00
2.032930114689563084e+00
9.585590455161059342e-01
7.297389997049487098e-01
1.096061910429152020e+00
4.008191172251022172e-01
1.921207989595791865e+00
5.317968331196019527e+00
1.750515851889817176e+00
5.330938577934725142e-01
2.430367615680472770e+00
1.920178291435566065e+00
2.879131235026878843e-01
5.227624906883878708e-01
1.093313561958704661e+00
4.007689860926512138e-01
1.332207295576067541e+00
1.163239368701297138e+01
5.927135429591332549e-01
1.653909224010480017e+00
2.547618394665486230e-01
6.546113182107181627e-01
4.064006099910005609e+00
1.209613082868857603e+00
1.121776491418704280e+00
3.506113783784252647e+00
4.593327071472401157e-01
1.799557751402371675e-01
4.701659368585902610e-01
9.522047187805479096e-01
9.043955199588840088e-01
1.871098163046983842e+00
2.345230747263657101e+00
4.994744405825352063e-01
8.065306389089247352e-01
7.822235306360649787e-01
2.711962553631479533e-01
1.475226671995807926e-01
1.806466720764937195e+00
5.791971497200045782e-01
1.468965664949148264e+00
7.818229906154468001e-01
4.087245988273013886e-01
4.733171694549143660e-01
6.295408054637482431e-01
1.900890542965483210e+00
1.599081588103388740e-01
2.600762889667523892e-01
1.040891530263503340e+00
1.359321799608146364e+00
1.504359330823927365e+00
8.762201143150545324e-01
7.030575792464670570e-01
2.160655061768449237e+00
8.335746170040599923e-01
6.395977081112295126e-01
3.361226612570885064e-01
2.819962794009209239e-01
3.333762270116585325e-01
1.345902860158540548e+00
1.339544456310786558e+00
5.379900499765931654e-01
1.220312738543814168e+00
2.975784134707734618e-01
2.496696512940487001e+00
3.614726123303695915e-01
4.429068535287076225e-01
8.553649499686563074e-01
1.729893712771312098e+00
2.294466208743102253e+00
4.961948335833477053e-01
3.103473807872033641e-01
1.801543497867416299e+00
1.002407754938107631e+00
1.786335783867283089e+00
3.294455585867639424e+00
8.784177684654658202e-01
8.423922907937309024e-01
1.114960548440465660e+00
1.115763948473884604e+00
9.197615520525851407e-01
6.203614582813624656e-01
9.900534941422953761e-01
3.417295655433160384e+00
5.767377600568437401e+00
7.435174866500390278e-01
1.860239116815393112e+00
1.205775431124883612e+00
5.211583487700603978e-01
2.643074304921317896e-01
2.123466150866160085e-01
3.804573723854405842e-01
5.087274573276130418e-01
2.070679641204704602e+00
5.923756443497730784e-01
1.757429143446413544e+00
9.202923797814273055e-01
4.020830928601145660e-01
1.741020515717930595e+00
3.325695734129285430e+00
4.001761159933861833e+00
1.419844399307642835e+00
1.383139220946996595e+00
1.000488567278871033e+00
7.052597231489188268e-01
7.617700896524711496e+00
2.913673326531784902e-01
2.847755519200211971e+00
5.645448712379803613e-01
1.059220324648274980e+00
9.353343432527021495e-01
1.016684974568053068e+00
1.238870878453740110e+00
4.642383186477446744e-01
5.748955650758896807e-01
4.156024607269170890e-01
2.172187574454150505e-01
3.859124746661001915e+00
6.739813541824141163e-01
3.614107806959578895e-01
7.182090964261583776e-01
7.264719231288606638e-01
1.291912711663766533e+00
5.396701596038538939e-01
1.280129167656372635e+00
3.449570675007434528e-01
1.073343108791074085e+00
3.574533445142570875e-01
1.003938493476726812e+00
9.481989633085287084e-01
6.063773363122219040e-01
8.361258228021257732e-01
2.375924468589568350e-01
1.115016983673438045e+00
9.151294044266078398e-01
9.149716152199378616e-01
2.824237606537974288e-01
4.299671287629222682e+00
1.138214334423387042e+00
1.312004075908592915e+00
8.477055785286558010e-01
1.419262887468831558e+00
4.585399557410874682e-01
1.240034553110726412e+00
1.045408221498680179e+00
4.520652992413819682e+00
1.847630850845806583e+00
1.083342000610780786e+00
8.355154764055484629e-01
1.552285024878031106e+00
1.947903972893773483e+00
3.481165818454702965e+00
2.050177032440176461e+00
2.163110722697287880e-01
1.713399760436859820e+00
9.520258941576953404e-01
2.659463195256762891e+00
8.407623055666997303e-01
9.887980946937002802e-01
3.029231105232877308e+00
1.020482875201862871e+00
4.663552367323311465e-01
1.340752145486564073e+00
1.650006983264969973e-01
7.207366163964887829e-01
1.923957754732985803e+00
1.062841752348373525e+00
4.200832930693813583e-01
6.509920605622563361e-01
4.395505162265383348e+00
2.174283208328218198e-01
1.741755931911738609e+00
4.589500800685522020e-01
5.003686079070231996e-01
1.254247548128059497e+00
4.097472208269039573e-01
7.220505520931117527e-01
7.582233797819769583e-01
1.272708346684963798e+00
9.334034745151206236e-01
8.811969582038916560e-01
9.562889164597083713e-01
1.908148008443230736e+00
1.895858339865577946e+00
4.146108239448982324e-01
1.274081041498675937e+01
2.951820019931705730e-01
1.602388389680109881e+01
3.813053382832711780e-01
2.847341349614279649e-01
1.418414293887444000e+00
4.944239099335401733e+00
1.447943190080508202e+00
1.284889415700688708e+00
3.955383664881408912e-01
4.576046980614011939e-01
4.266493378049794893e-01
3.326310857975215973e-01
5.912108197458993963e+00
9.297874572106431534e-01
8.282451089511196907e-01
6.507847770668764298e-01
9.002969150592964320e-01
4.090833198874928023e-01
4.189280028414757995e-01
1.969364314693390128e+00
4.973379187425189252e-01
3.264415418854809126e-01
7.310663946198630025e-01
2.778635252612017492e+00
7.930504342539141938e-01
1.680346599093612170e+00
1.504435694897784437e+01
1.875322785546721660e-01
3.594114403458793516e-01
1.385958340937467836e+00
2.736460588143464268e+00
8.984662407954828733e-01
2.995355836389802517e-01
3.294382580623544943e-01
3.564845690126525746e-01
4.845259282950684088e-01
2.551908316853300551e+00
4.009888191997911022e+00
3.982341193642630062e-01
2.337856855109020859e+00
1.635996037821111804e+00
1.357216380558436741e+00
2.313976956262606244e+00
5.223158820740714248e-01
9.474197345798577308e-01
6.692929673208863894e-01
1.272143529280820307e+00
5.888700459283425781e-01
9.163080790796447328e-01
6.156174094735259450e-01
1.012671954344799730e+00
4.324875316996700803e-01
