5.114945829800624510e-01 5.633074257180079591e-01 6.423614175195024867e-01 7.143840973403272621e-01 7.610588090303442854e-01 7.844670500032310256e-01 7.953715286355290681e-01 8.033784509192023471e-01 8.116096934533538754e-01 8.168387054453165597e-01 8.142329668891461480e-01 8.022823513241621463e-01 7.846048941998932102e-01 7.677743904614163784e-01 7.552055642277072378e-01 7.430112744670360758e-01 7.231403999002035121e-01 6.913961583337671080e-01 6.544332954574294536e-01 6.286218408616347508e-01
4.576508151656409340e-01 5.108178345721906544e-01 5.954431752500143338e-01 6.772282920144843121e-01 7.344661450541832837e-01 7.671209219761255804e-01 7.856579181029916814e-01 7.996075740053999459e-01 8.119987670063958385e-01 8.198652624426506774e-01 8.188946788064948024e-01 8.078743741551095425e-01 7.903173882337672929e-01 7.726619458334383905e-01 7.587315033050399116e-01 7.455721368035593821e-01 7.260319149456697652e-01 6.962270961629992705e-01 6.621129266302688832e-01 6.384368152843927779e-01
3.790902703877064295e-01 4.316451061778882048e-01 5.211023452338026107e-01 6.161572571970274081e-01 6.905639685264671757e-01 7.393697984577071169e-01 7.712610647184615642e-01 7.952498508971498348e-01 8.143321642816622186e-01 8.262036522930493732e-01 8.275654587931896566e-01 8.177547829929008305e-01 8.001228008693168636e-01 7.808830389092750179e-01 7.645452936150954892e-01 7.497415066587485022e-01 7.308519503766871539e-01 7.044852454425427624e-01 6.753436348588218729e-01 6.553811269751204094e-01
3.138124411133231817e-01 3.627107651510184660e-01 4.513286345962524426e-01 5.547539757159958285e-01 6.449284198850050442e-01 7.108413137980752472e-01 7.573896025847144386e-01 7.921544378404509201e-01 8.180502985782717174e-01 8.336769694540433484e-01 8.369560310615791199e-01 8.278572622450115492e-01 8.095863133807836842e-01 7.881847999467506138e-01 7.690228155026299639e-01 7.525881728190421116e-01 7.349931746687712319e-01 7.132640503474484417e-01 6.904462906030219838e-01 6.751147038496357888e-01
2.787309185559332936e-01 3.228923803328063724e-01 4.059555353094130292e-01 5.093218350008983375e-01 6.070860934199592274e-01 6.846013663453973663e-01 7.425206353223784417e-01 7.860744795309161370e-01 8.175578588482405040e-01 8.360973874395003502e-01 8.405160191101845868e-01 8.312899243019437057e-01 8.116395870324297768e-01 7.877931212900484148e-01 7.662630550151657838e-01 7.493998346068512229e-01 7.347753561293038915e-01 7.193819021235087208e-01 7.041838610618359473e-01 6.941622252723483877e-01
2.665658048448379946e-01 3.056745197245226420e-01 3.800102268992622823e-01 4.754288572303516647e-01 5.707395541736147715e-01 6.516697530559086848e-01 7.160782963426003400e-01 7.663245494793061718e-01 8.029613820208205688e-01 8.245075250291509228e-01 8.299026836821892239e-01 8.199503813227287941e-01 7.983331489154276150e-01 7.722758409774631572e-01 7.499971782040958379e-01 7.355758443761307719e-01 7.273056031732305637e-01 7.212364158031896455e-01 7.156505175780709660e-01 7.118526687268448283e-01
2.582871695821709057e-01 2.912625099593299516e-01 3.536646835789153398e-01 4.347477551996868916e-01 5.191934926398048544e-01 5.962071273914548719e-01 6.630143843491773659e-01 7.192087272277757348e-01 7.622988967408341754e-01 7.885453957770285349e-01 7.959297909305089735e-01 7.855195816058675451e-01 7.623002709403619015e-01 7.356775795582888300e-01 7.161750857067182841e-01 7.091487919162778875e-01 7.124459239011530221e-01 7.199476684768273405e-01 7.265932600087209314e-01 7.301250488688935114e-01
2.359794006139387945e-01 2.616005312822106688e-01 3.096890330761896681e-01 3.725847272570190771e-01 4.407231155907837539e-01 5.080736166035374479e-01 5.732503382388453028e-01 6.342562125978843390e-01 6.851512964832352504e-01 7.184876742661560067e-01 7.300853034233850680e-01 7.212350150973940721e-01 6.991449995478683510e-01 6.762505804474361337e-01 6.652567393375231619e-01 6.718854010957491241e-01 6.923880515678395575e-01 7.174558096076790736e-01 7.383275593280377302e-01 7.497732603144826591e-01
1.956929016630790108e-01 2.139421415290805040e-01 2.479720045006631735e-01 2.928068840179807175e-01 3.433733558491652849e-01 3.977135491085813102e-01 4.565497464051346266e-01 5.180179260808449593e-01 5.743248232628880290e-01 6.147659199349500003e-01 6.325521797641967536e-01 6.289042438843165383e-01 6.131536420291354705e-01 6.000405358338716244e-01 6.032211645050463700e-01 6.280363567536546565e-01 6.688969173171624982e-01 7.130512266513635566e-01 7.481459198147629719e-01 7.669600925098677413e-01
1.494193277800623665e-01 1.618275295600639652e-01 1.849918826676430761e-01 2.160390600797059135e-01 2.527270192794400239e-01 2.952686997887868370e-01 3.453732786633624818e-01 4.017530646050141985e-01 4.569396118798878526e-01 4.997243544421443029e-01 5.223162688356812744e-01 5.257529878598506956e-01 5.199742227864434518e-01 5.198103463645902256e-01 5.383817834396210644e-01 5.807161390070859630e-01 6.403003535431140980e-01 7.016080214517738112e-01 7.490287864009502750e-01 7.739524790484358929e-01
1.118974972055103156e-01 1.206136143463802796e-01 1.371345609446204261e-01 1.600900085643757742e-01 1.888088815000176779e-01 2.241736879120329040e-01 2.675263269915515441e-01 3.172580108670809418e-01 3.665448412217040541e-01 4.056554392419334243e-01 4.281638306065804200e-01 4.356900876141263645e-01 4.376394305066402812e-01 4.472235733812311431e-01 4.761923776911478057e-01 5.297160594575128778e-01 6.018596046166549973e-01 6.758462187808675914e-01 7.331275485045959384e-01 7.631563833514221074e-01
8.898018759150147505e-02 9.570128449481005162e-02 1.087907731231218672e-01 1.279143433902464599e-01 1.533566981442602561e-01 1.861566836383994616e-01 2.267566662574044822e-01 2.722827193865895445e-01 3.154965295354300037e-01 3.479529983056770526e-01 3.655026113160564916e-01 3.712734549983501831e-01 3.743893058039819977e-01 3.863463009428410033e-01 4.174723254326794253e-01 4.733869620472992978e-01 5.500710801661552463e-01 6.314287355652835609e-01 6.963910974638878315e-01 7.310829114384121974e-01
7.900854327151747569e-02 8.466769754897701672e-02 9.603651647025719662e-02 1.135528559451128017e-01 1.382884222748821945e-01 1.715037821274194296e-01 2.127602475785370928e-01 2.573478499003775677e-01 2.964536202930297404e-01 3.218590587709128092e-01 3.313878391175890115e-01 3.301407412711138689e-01 3.278462789464152149e-01 3.351679966393791843e-01 3.614756159208736275e-01 4.129214777577358553e-01 4.879377806976016307e-01 5.724462910698399076e-01 6.434435890720485718e-01 6.826049750064456800e-01
7.814829769818158745e-02 8.301506631128328928e-02 9.312146327816477054e-02 1.095572755626659095e-01 1.341667557561738167e-01 1.686507498906843761e-01 2.119811819046753809e-01 2.575342014318499073e-01 2.942700582709977808e-01 3.132639941596001565e-01 3.136761801444072351e-01 3.027138005690324096e-01 2.915557306951013783e-01 2.910303651237572398e-01 3.101036439703538372e-01 3.553926501596387233e-01 4.274952997827211609e-01 5.143961999823551956e-01 5.913035183813479811e-01 6.350838281525053031e-01
8.219677813044039272e-02 8.604073395722514062e-02 9.442100132483757791e-02 1.090178362750386515e-01 1.323685990987959749e-01 1.667159592814157765e-01 2.109105114266978109e-01 2.570677513799791147e-01 2.922115367901229610e-01 3.063157694327896530e-01 2.991842283331264674e-01 2.798465137975084671e-01 2.612063646767673886e-01 2.547470865944592711e-01 2.693879597424776451e-01 3.122706970188725561e-01 3.857572698714995529e-01 4.788833009379214745e-01 5.640194440759301875e-01 6.132122576327528884e-01
8.658380537129438392e-02 8.900826894054457428e-02 9.490095274742317566e-02 1.064334210982809809e-01 1.265558090193486807e-01 1.578441127210943595e-01 1.994530045404524221e-01 2.435863617500613199e-01 2.768500986000892450e-01 2.886389200677506595e-01 2.787689151806161947e-01 2.570093100638583539e-01 2.370691963566425031e-01 2.307900460772674966e-01 2.474339535128913248e-01 2.953155304108991963e-01 3.783977523866764447e-01 4.846031745581188543e-01 5.810043261231042644e-01 6.357957524913381286e-01
8.757525363651094685e-02 8.850705300693927080e-02 9.170843225982762414e-02 9.959658844076312023e-02 1.150660356619085251e-01 1.405218443674385864e-01 1.755050081254651562e-01 2.137329421942976426e-01 2.438062993319702054e-01 2.561907704746089753e-01 2.504004526041755385e-01 2.350878065741711653e-01 2.227851269844306759e-01 2.250360929409305211e-01 2.522485216078306780e-01 3.149025301127374998e-01 4.172780184611677989e-01 5.414020921262322483e-01 6.468866818248517614e-01 7.034241513647606636e-01
8.442919904175440193e-02 8.432231652170490976e-02 8.551004096478141692e-02 9.026274505494058520e-02 1.009554883623009491e-01 1.193364611216275462e-01 1.451122181089102292e-01 1.742578129093999562e-01 1.994295304042225936e-01 2.142897961913757532e-01 2.184151365554914126e-01 2.179003844924705946e-01 2.224907846442127080e-01 2.430433169167269258e-01 2.916051972609721710e-01 3.798216485695473099e-01 5.065054116767842007e-01 6.414540256497376358e-01 7.424085707018996949e-01 7.917659245310693095e-01
7.973356644331404397e-02 7.925319038902339797e-02 7.946401859619241226e-02 8.211637681303837755e-02 8.879874233389949134e-02 1.004386034291622348e-01 1.167762189317765875e-01 1.360108282425629145e-01 1.553354677093299607e-01 1.727853592031668439e-01 1.891974262927987871e-01 2.087859775629823944e-01 2.387546415816726997e-01 2.888726084532799998e-01 3.703511748017072613e-01 4.887575575747609702e-01 6.282826883167775822e-01 7.512935223812124974e-01 8.305888265956572480e-01 8.661556867195264742e-01
7.713904710549185362e-02 7.674849263287247814e-02 7.671870258253429831e-02 7.806732521959935944e-02 8.154230752152942518e-02 8.741979602966126750e-02 9.566433807891976115e-02 1.063690585542399897e-01 1.202999072597180086e-01 1.394198831067983424e-01 1.672241284625931024e-01 2.088980133929545235e-01 2.711241961589758720e-01 3.604903801246002737e-01 4.786781418881181360e-01 6.142909870483284074e-01 7.407675243952692723e-01 8.335396267453915042e-01 8.873299540195090929e-01 9.104621581603150604e-01
7.935383630480433159e-02 7.916441499137354121e-02 7.907012039904597056e-02 7.931426009026458501e-02 7.990286504953823810e-02 8.082271729047016406e-02 8.265145104034547774e-02 8.705091450720807422e-02 9.697230427948089204e-02 1.169998947903379272e-01 1.539969072733718969e-01 2.171171162945174093e-01 3.142668633659125854e-01 4.432645796237094649e-01 5.855451349831621854e-01 7.148147951679717504e-01 8.130996869715721997e-01 8.771059545712304173e-01 9.129435757208942404e-01 9.284692099225116957e-01
8.746714521527548802e-02 8.725136519444982863e-02 8.670977258640609475e-02 8.544506990019734571e-02 8.298576872651491909e-02 7.946327753570066321e-02 7.637492300871842610e-02 7.658501366874760630e-02 8.410372314806474625e-02 1.049428798781179006e-01 1.490755700290510299e-01 2.305232826083591646e-01 3.575266729521504594e-01 5.132320015052338480e-01 6.592040888259074194e-01 7.695476219623128555e-01 8.429761254337049259e-01 8.884947367978947019e-01 9.144275622156348149e-01 9.260954599849786639e-01
1.005252039501303152e-01 9.974969291954845219e-02 9.792079753550664289e-02 9.439566433905247078e-02 8.869007656043258192e-02 8.142089091603596507e-02 7.494969685558502959e-02 7.283628450869807092e-02 7.945249151458713688e-02 1.015036215347730614e-01 1.510215973419416768e-01 2.448716132299959547e-01 3.884157667112139722e-01 5.511805569063890076e-01 6.871258188619638885e-01 7.791919001901529418e-01 8.363382854469659788e-01 8.712882747272345796e-01 8.918806777229224547e-01 9.015677800741870307e-01
1.145096268581439203e-01 1.125664950432272160e-01 1.086376386530360366e-01 1.024623667450072356e-01 9.404348843187526619e-02 8.450128682569735261e-02 7.656198150609855313e-02 7.390215107605155320e-02 8.092218420455007943e-02 1.045871751060981764e-01 1.573684604068534831e-01 2.551131739562986223e-01 3.978163622972758495e-01 5.498516218596642968e-01 6.693845661139297132e-01 7.462832666116991920e-01 7.919807792306673422e-01 8.193008668880635836e-01 8.356609024132364283e-01 8.436273918264575178e-01
1.231872096724084403e-01 1.198868370436366598e-01 1.138724812086844007e-01 1.057823511580435749e-01 9.631578384633543433e-02 8.676828553534715605e-02 7.956993743194948343e-02 7.804325589929045348e-02 8.645271636187527864e-02 1.115794918787650358e-01 1.645203358043580144e-01 2.567553113997995129e-01 3.832007221891642890e-01 5.116332988440399632e-01 6.095962564022469055e-01 6.702475425594175418e-01 7.037208192747844704e-01 7.220571891320121116e-01 7.327588590857695428e-01 7.381319303637340346e-01
1.218298583710827748e-01 1.177416867506399512e-01 1.108412570503802957e-01 1.026688459109191959e-01 9.441490077055429697e-02 8.716027227887350459e-02 8.261373261891299946e-02 8.346109371151791412e-02 9.360848026441237479e-02 1.190782933432018853e-01 1.683015592368264646e-01 2.474812418313498685e-01 3.488134822044455241e-01 4.470850521819019763e-01 5.191287185132820170e-01 5.601274512318027421e-01 5.787441545275557875e-01 5.863689938060580031e-01 5.904317299017226572e-01 5.927693769742850005e-01
1.112895717101144016e-01 1.073797556763713690e-01 1.012136603919674971e-01 9.479523976448500644e-02 8.944897905662374527e-02 8.587097447971549224e-02 8.495875674766804886e-02 8.857934870483945289e-02 9.992906968136774926e-02 1.237872111548257020e-01 1.657790719436781635e-01 2.283335625471517583e-01 3.036598160950044201e-01 3.734049967660137970e-01 4.214590500390822392e-01 4.448307268043273921e-01 4.513651664389515261e-01 4.514348922628746985e-01 4.513742086585671442e-01 4.519789123361263039e-01
9.724370496138418085e-02 9.419655126220422003e-02 8.975638774414070042e-02 8.594602595704803338e-02 8.401081942104807188e-02 8.430558678797701877e-02 8.697931162858812959e-02 9.290664504884885155e-02 1.042334479401317293e-01 1.244054182164365113e-01 1.571407434124221791e-01 2.034862864864621645e-01 2.577111903649205171e-01 3.072119883426788212e-01 3.405396239998028096e-01 3.554447341225450141e-01 3.582395257873438044e-01 3.572970806092550244e-01 3.572743486347343400e-01 3.580643046223503378e-01
8.579949798565912611e-02 8.378530260737994395e-02 8.121883098807858303e-02 7.994783855147705176e-02 8.111194849025711584e-02 8.482421037535760322e-02 9.052364530664551434e-02 9.790924146915372384e-02 1.078827492380742131e-01 1.228719184601782810e-01 1.459243121697142431e-01 1.785694937425076068e-01 2.181106895172214566e-01 2.567168338479548506e-01 2.857926114860043221e-01 3.022240751397012870e-01 3.094780786240620696e-01 3.132845101616660854e-01 3.167614493775119944e-01 3.193213420071237540e-01
8.035556152080898518e-02 7.932301816304827835e-02 7.849582533869280121e-02 7.953577378022765043e-02 8.352826208225935800e-02 9.039488700378270347e-02 9.879435980209377854e-02 1.070057917668947867e-01 1.145868485790274699e-01 1.234616233944920982e-01 1.370983990234666827e-01 1.584656859394389661e-01 1.879047121892470362e-01 2.216018826922406537e-01 2.531090541295082375e-01 2.777601626719509165e-01 2.953719151581394309e-01 3.084960828466717930e-01 3.185555711216107033e-01 3.244357664897477012e-01
8.181215478302636401e-02 8.187034498612698330e-02 8.300182854476977068e-02 8.669810332549099385e-02 9.402284493934554011e-02 1.046597649613617564e-01 1.162282266678881931e-01 1.251326810117484589e-01 1.294082773418888666e-01 1.310786416821391742e-01 1.350750221948670005e-01 1.462866704722543265e-01 1.675010918317753894e-01 1.980845338249225818e-01 2.338222939296407121e-01 2.691064416852178565e-01 3.001276780379002473e-01 3.256466795670365788e-01 3.447055267668747147e-01 3.552016139577209852e-01
8.965080724908869314e-02 9.131108884721426955e-02 9.539435254983931467e-02 1.031750278217066774e-01 1.156351084874326224e-01 1.320034381413824898e-01 1.482976886281534012e-01 1.582400621340811220e-01 1.579821714647614839e-01 1.503783374092917402e-01 1.431608089771174430e-01 1.437499528103381996e-01 1.566093732290033957e-01 1.829831535654123376e-01 2.206237802972207118e-01 2.640202168571388897e-01 3.066709913592013392e-01 3.435795251329504252e-01 3.710746941651100195e-01 3.858942839237409217e-01
1.028501832984277803e-01 1.070524983273877795e-01 1.159496742092435834e-01 1.304932919040464878e-01 1.513351050170537448e-01 1.767018071320960171e-01 2.000865827496929039e-01 2.115631615672707022e-01 2.050627823382284165e-01 1.850405487820211414e-01 1.636161536000174943e-01 1.517567943259157393e-01 1.550215764277806940e-01 1.748516287507685951e-01 2.096177104902703092e-01 2.541159578303306410e-01 3.005857494391033224e-01 3.417445565655595763e-01 3.722916066967705828e-01 3.885471222879864350e-01
1.213280178571938261e-01 1.291483765899385794e-01 1.450725307085476701e-01 1.695880805844715011e-01 2.024495926212303565e-01 2.398745399450646909e-01 2.718907144984719082e-01 2.847544362529339512e-01 2.705193839016829527e-01 2.354970158355130239e-01 1.969609545251849447e-01 1.704483335441522029e-01 1.625069243965563681e-01 1.733249223499195579e-01 1.999699379402411215e-01 2.366384075694586697e-01 2.754416467543259195e-01 3.093187559781625517e-01 3.338324364285117363e-01 3.465883626075151325e-01
1.488532728008507000e-01 1.610135885698607550e-01 1.853954861836042689e-01 2.216457642328741873e-01 2.676433521781904079e-01 3.164970945636623734e-01 3.548895181021252676e-01 3.670772139874587947e-01 3.447439219739364957e-01 2.953461260019778489e-01 2.398424169705939968e-01 1.981348761088938260e-01 1.780105362582251327e-01 1.778732358520774548e-01 1.922423605701872318e-01 2.138367743184828862e-01 2.353051837039154548e-01 2.518904293709870457e-01 2.623121445664196583e-01 2.671312604619692221e-01
1.956275963948707064e-01 2.119346463817338155e-01 2.439371112586200541e-01 2.895599398997523721e-01 3.438737926878410733e-01 3.969913996566165615e-01 4.343840349543564572e-01 4.414533545894002153e-01 4.112831123233660624e-01 3.514942083302614040e-01 2.836887772044739409e-01 2.297652375745602160e-01 1.983940604284393228e-01 1.865847018019961001e-01 1.865682587950372173e-01 1.900324820802671288e-01 1.911069362047153608e-01 1.883248967221801129e-01 1.838346629863670811e-01 1.806272710233582934e-01
2.782318453789182633e-01 2.963818811982111279e-01 3.307455676527645827e-01 3.770033009306968941e-01 4.280425703403543669e-01 4.732378759072765617e-01 4.997755173552977381e-01 4.961374883859500651e-01 4.574942486547393661e-01 3.913749350717448672e-01 3.178464398176444883e-01 2.574657616203278043e-01 2.181330018099488510e-01 1.958823624931712581e-01 1.820209929425280759e-01 1.688501121390345305e-01 1.531857681789571546e-01 1.367213083626842574e-01 1.233004821589697847e-01 1.159060864469784180e-01
4.091201467089098376e-01 4.232612572756348501e-01 4.491186376618052645e-01 4.821098739254167098e-01 5.157868169699116878e-01 5.414123968381691077e-01 5.489847399223174440e-01 5.297329887533325232e-01 4.806924299556958879e-01 4.098067967064848993e-01 3.351680686647505736e-01 2.737562965232345769e-01 2.307934683367124096e-01 2.012699905402647593e-01 1.768639065412330458e-01 1.519216358862893468e-01 1.262742642920789138e-01 1.035414791739772550e-01 8.730049626747887759e-02 7.906576615364009630e-02
5.693938611351813117e-01 5.735363590091687724e-01 5.812688492913694605e-01 5.909958466374766184e-01 5.993114998654780479e-01 6.000519044539701641e-01 5.852136714914190074e-01 5.476849911749048783e-01 4.862254467565448879e-01 4.099611413763808443e-01 3.354615829438826191e-01 2.756188722948010872e-01 2.322682526286789506e-01 1.993300167779540610e-01 1.694122478767467188e-01 1.390100900517402538e-01 1.099049314979954478e-01 8.609776652701461863e-02 7.015504520952013656e-02 6.239646100077515800e-02
7.082674054268682795e-01 7.033254541888446232e-01 6.947125279103966156e-01 6.836673450061447888e-01 6.694938284791175365e-01 6.480486573058692468e-01 6.126335056704165227e-01 5.573823465094940310e-01 4.829490412619968920e-01 4.001461933673760019e-01 3.246118798276292905e-01 2.658946528151579503e-01 2.231533476771193070e-01 1.897237034698795177e-01 1.591517174266545709e-01 1.290759728039299614e-01 1.014806939784664158e-01 7.961267166847191268e-02 6.521739850710255026e-02 5.825842406766523762e-02
7.962228858378780361e-01 7.874230549434961812e-01 7.711779088233091661e-01 7.492053002348620927e-01 7.217363607986626572e-01 6.857729738031430600e-01 6.356445327952443547e-01 5.666306125574315233e-01 4.810680712650978741e-01 3.912448592944725578e-01 3.124446413041563897e-01 2.524245285546641848e-01 2.091851865008698408e-01 1.762358517151691728e-01 1.478563582555234290e-01 1.217021201045607598e-01 9.860813133747377279e-02 8.044309891033538107e-02 6.834393616365051771e-02 6.240252618429559250e-02
8.409769085609745121e-01 8.320046091494130991e-01 8.148389142222032255e-01 7.904732393907621946e-01 7.587875795798405543e-01 7.170734018133072540e-01 6.602915312354090682e-01 5.843160218315842647e-01 4.919042823451111879e-01 3.956035800030499039e-01 3.109199524515723345e-01 2.459968453388917120e-01 1.995419030857653597e-01 1.658993722240199031e-01 1.397906831413529560e-01 1.182392569610059008e-01 1.004521110610051976e-01 8.672628076927528518e-02 7.748646012510523873e-02 7.286656109989057828e-02
8.605176730726169509e-01 8.531974824369376043e-01 8.388247547828084905e-01 8.175611616643168045e-01 7.885936133831552564e-01 7.491354974182947712e-01 6.944618914793719844e-01 6.201683913955736704e-01 5.273139491610722152e-01 4.263763186755490930e-01 3.331344938708873382e-01 2.586415478174007299e-01 2.046589972090737675e-01 1.671163169051880781e-01 1.408943849315599794e-01 1.220905281625969674e-01 1.083499683532123115e-01 9.849884166050068557e-02 9.206073548573961984e-02 8.885848438389473691e-02
8.695622381800180989e-01 8.650165889138115016e-01 8.556931521301511800e-01 8.409805244796443313e-01 8.194989221786848077e-01 7.885464219180323697e-01 7.438307726465096525e-01 6.803079030546332895e-01 5.956362078357989587e-01 4.951022127735916212e-01 3.926859913374411981e-01 3.037525817811593254e-01 2.362002232844123972e-01 1.893320730778767502e-01 1.584108951382373898e-01 1.384421277210601264e-01 1.255725475782190625e-01 1.173185308480581557e-01 1.123014156953711373e-01 1.098918084016812374e-01
8.784379114991055504e-01 8.771676174984137653e-01 8.737649007376049326e-01 8.668539826197625420e-01 8.547670835912399845e-01 8.352921134092783362e-01 8.050583893003141478e-01 7.590926996044571329e-01 6.921203460996598888e-01 6.025341873802533277e-01 4.978355509669276646e-01 3.943940825828305963e-01 3.078799749177920098e-01 2.444542042022456452e-01 2.017234345842764398e-01 1.741145450982911347e-01 1.563884846357342373e-01 1.449758528122939150e-01 1.379318851001593293e-01 1.344998819984888905e-01
8.918756561886074241e-01 8.933844267328288069e-01 8.949178356447862193e-01 8.945006239789322633e-01 8.904702143092554367e-01 8.813346495625543620e-01 8.649251041002284923e-01 8.373707053562063907e-01 7.929617977743600443e-01 7.257972475245726418e-01 6.348760575538519024e-01 5.297165312799372305e-01 4.279178896663121678e-01 3.435943386530789789e-01 2.806030781740003754e-01 2.356503192421977588e-01 2.036871718716929403e-01 1.811363517605602269e-01 1.663226822915181979e-01 1.588929460831664808e-01
9.083886135203699252e-01 9.114478431872394815e-01 9.157472004146757216e-01 9.190889538700789396e-01 9.200130636009762330e-01 9.176277490169834072e-01 9.107060113758462805e-01 8.967038078801230494e-01 8.713017489343987121e-01 8.285946323329159702e-01 7.634638252515477674e-01 6.765159738067724193e-01 5.774495911379319280e-01 4.801042803799503988e-01 3.940117752800885720e-01 3.222498020226761128e-01 2.646713019265322653e-01 2.211880857011416790e-01 1.920753403141392257e-01 1.775559386921048699e-01
9.236019123036646183e-01 9.270832181589372389e-01 9.322438033718756234e-01 9.370127466305611108e-01 9.401846157666515769e-01 9.411980029916076074e-01 9.393088902178939881e-01 9.328682055619957891e-01 9.190258813694501816e-01 8.935570370428375098e-01 8.516026428040576191e-01 7.899249290137466684e-01 7.097453661797917812e-01 6.164394895371696492e-01 5.166793494194776848e-01 4.177254170121103005e-01 3.283220883526747902e-01 2.574161423029186491e-01 2.101133917077570301e-01 1.870358615302398220e-01
9.343729150700594843e-01 9.377300162633258607e-01 9.428287770076980712e-01 9.478520799249381401e-01 9.517982939430579270e-01 9.542350664512612157e-01 9.545904265176333725e-01 9.516591234799417487e-01 9.434811812512744478e-01 9.271588183552499363e-01 8.990465698456362453e-01 8.555542675357372673e-01 7.942106091599114848e-01 7.134167373110897881e-01 6.125633343746137438e-01 4.963514607049586136e-01 3.797473235488950660e-01 2.832338914841259214e-01 2.192482533930580901e-01 1.887484711273332838e-01
9.397348915233482147e-01 9.429190234297968320e-01 9.478172471664374488e-01 9.527868509336088199e-01 9.569338177089794506e-01 9.598606147390097432e-01 9.610359078445602776e-01 9.594232604125741970e-01 9.534433306239620265e-01 9.408117923480383560e-01 9.185822638240861426e-01 8.834647558222202823e-01 8.320588889671046706e-01 7.599649255532202607e-01 6.620878702523451675e-01 5.392224254106647852e-01 4.078703014777433911e-01 2.961238640075162798e-01 2.222883999270312549e-01 1.876056579142478808e-01
