4.629757409117742917e-01 4.680479108741201766e-01 4.780275884642699036e-01 4.926880790271312427e-01 5.115841196310835226e-01 5.340830855976878011e-01 5.594658002650306772e-01 5.868447814213905156e-01 6.151604716878125156e-01 6.435151342623970372e-01 6.708868340419827936e-01 6.966091240268169615e-01 7.199938861654816558e-01 7.406441472499849521e-01 7.583749774347510186e-01 7.730604001180931828e-01 7.846838353973005775e-01 7.932927181969504637e-01 7.989947715740597367e-01 8.018335032475364388e-01
4.540841750611316896e-01 4.591714563790138537e-01 4.691869258356863859e-01 4.839141201041426976e-01 5.029204161027421849e-01 5.255867244996118570e-01 5.512030267662794136e-01 5.788853693064270889e-01 6.075701661831072187e-01 6.363472440831406951e-01 6.641754753440601844e-01 6.903667565433907471e-01 7.142110073510097301e-01 7.352903270546042869e-01 7.534059732268827414e-01 7.684208474108090714e-01 7.803111708873224917e-01 7.891213007553601333e-01 7.949580146815442561e-01 7.978642037852443636e-01
4.365505486756236508e-01 4.416565622729435314e-01 4.517210967674725186e-01 4.665489349513474160e-01 4.857343351409845189e-01 5.086876680135191675e-01 5.347202828791061124e-01 5.629587809704581503e-01 5.923351386819695197e-01 6.219169854959396559e-01 6.506266296008413885e-01 6.777329674803062032e-01 7.024814317018750476e-01 7.244107584433908675e-01 7.432928238748776062e-01 7.589665641582770128e-01 7.713922913664237324e-01 7.806070669668241369e-01 7.867149553865245837e-01 7.897571066418223040e-01
4.110320440076411508e-01 4.161412419837084986e-01 4.262302679811200701e-01 4.411369997843987423e-01 4.604989124058497807e-01 4.837752262008851445e-01 5.103156923857099514e-01 5.392704107494640242e-01 5.695730298395166313e-01 6.002643422405777862e-01 6.302166726672057129e-01 6.586356726478581614e-01 6.846993638744475197e-01 7.078783912337155426e-01 7.278967513512988319e-01 7.445536232230108853e-01 7.577820870595423086e-01 7.676056859760514994e-01 7.741225080412098558e-01 7.773699612257775060e-01
3.786024142953051674e-01 3.836737363957770097e-01 3.937118180382682686e-01 4.085996426897494649e-01 4.280358908444102939e-01 4.515515146559849757e-01 4.785574573931086761e-01 5.082481832965330959e-01 5.395746628483568674e-01 5.715546116857116443e-01 6.030040665266789279e-01 6.330483450315446126e-01 6.607757812221530802e-01 6.855617238838942473e-01 7.070598049160093934e-01 7.250093893504792053e-01 7.393009398033281165e-01 7.499350713364469900e-01 7.569981633145081990e-01 7.605203987227808771e-01
3.407703903978639981e-01 3.457346317130147173e-01 3.555892586962544066e-01 3.702728626381589505e-01 3.895629024940994167e-01 4.130864329403240442e-01 4.403431536950225267e-01 4.706011468575923007e-01 5.028561195854206467e-01 5.361186255266973122e-01 5.691537587273158838e-01 6.009966078418332858e-01 6.306271336555759888e-01 6.572971506344519321e-01 6.805633179570254043e-01 7.000798299656729728e-01 7.156737145327366489e-01 7.273085156225838066e-01 7.350494331039739704e-01 7.389136167389146470e-01
2.996473911242495403e-01 3.044144985683144289e-01 3.139091940005083736e-01 3.281319013570434540e-01 3.469519475604031511e-01 3.701133709864679600e-01 3.972322849408075895e-01 4.276844596953851552e-01 4.605481111981534759e-01 4.948563418600070429e-01 5.293444126980126896e-01 5.629599332490731189e-01 5.945647850699659065e-01 6.232624544068839922e-01 6.484842509688634182e-01 6.697696412966273050e-01 6.868558943618995327e-01 6.996499321226820056e-01 7.081816616040450540e-01 7.124464149060669715e-01
2.575248546526865967e-01 2.619975634491756300e-01 2.709380181341908278e-01 2.844082865066604460e-01 3.023743816168245058e-01 3.247092812584077004e-01 3.511669412773455456e-01 3.812631970770665180e-01 4.142016210719193792e-01 4.490794545382063019e-01 4.846403567746011554e-01 5.197645710081725268e-01 5.532011150372655450e-01 5.838900493794082491e-01 6.111115864824089305e-01 6.342594893769928355e-01 6.529506427108926481e-01 6.670103776833014031e-01 6.764140903338343724e-01 6.811230086407586981e-01
2.165801362445480827e-01 2.206709471481733964e-01 2.288786493466652416e-01 2.413196662322593666e-01 2.580511428098889448e-01 2.790739205004283408e-01 3.042887007864244486e-01 3.333739825606624740e-01 3.656976177270894190e-01 4.004678334663629435e-01 4.364886215525658475e-01 4.726119121702982984e-01 5.074988543958689480e-01 5.399279855728230659e-01 5.690119358377498937e-01 5.939716947963128435e-01 6.142723138825848528e-01 6.296287881995780156e-01 6.399382271736602235e-01 6.451120986928773338e-01
1.787443497035018092e-01 1.823913915377726180e-01 1.897359348848123295e-01 2.009355138312036160e-01 2.161228507410347388e-01 2.354113916197733136e-01 2.588410282188226552e-01 2.862584724277761339e-01 3.172204916792675244e-01 3.510877179250544433e-01 3.867810512219510000e-01 4.231783367421284026e-01 4.588988501253548069e-01 4.925847494446639607e-01 5.231819596578469733e-01 5.497234959298848977e-01 5.714966930696595560e-01 5.880778352112067120e-01 5.992598923796401689e-01 6.048867299997382485e-01
1.453385621506126935e-01 1.485151503713812438e-01 1.549349784889461068e-01 1.647805997864745242e-01 1.782385102733499427e-01 1.955088649722983296e-01 2.167481715189498170e-01 2.419576984897277017e-01 2.708863438522722267e-01 3.030720189973708512e-01 3.376002351591698147e-01 3.734330133887173164e-01 4.092079151558967731e-01 4.434787780724215311e-01 4.750478145785717587e-01 5.027639855165432214e-01 5.257242276929769975e-01 5.433443787778233780e-01 5.552898689316284608e-01 5.613196632615689019e-01
1.169641451687957329e-01 1.196777087297506981e-01 1.251797028030842973e-01 1.336621824037574069e-01 1.453423484699247481e-01 1.604767938531952431e-01 1.793069667223600450e-01 2.019599260019909193e-01 2.283585926637444474e-01 2.582209055742874515e-01 2.908248227517125084e-01 3.252655634908193094e-01 3.602610335808729136e-01 3.943400075207816324e-01 4.262047538358927357e-01 4.545463670503151477e-01 4.782776880556792731e-01 4.966451680707950622e-01 5.091710115048785346e-01 5.155159596890608320e-01
9.363189579390872319e-02 9.591625857913095576e-02 1.005615159570572570e-01 1.077566676252380007e-01 1.177293526625534520e-01 1.307639235399996325e-01 1.471531646841286456e-01 1.671135909572642186e-01 1.907087541141187226e-01 2.178187193950233136e-01 2.479174537875856177e-01 2.802630191654160718e-01 3.137046056259845117e-01 3.468118733117250274e-01 3.782442484861189280e-01 4.065808617619904863e-01 4.305775498313726968e-01 4.493194868510667073e-01 4.621823215347783398e-01 4.687227229648662785e-01
7.495459517991912013e-02 7.686002799338918778e-02 8.074448780943237203e-02 8.678534250262333327e-02 9.520547908770217449e-02 1.062938909899561885e-01 1.203650070093534169e-01 1.376885952572280691e-01 1.584288904118102137e-01 1.825962858624494145e-01 2.098427544119750854e-01 2.395958286963169870e-01 2.708666210616108572e-01 3.023213501673587822e-01 3.326356895872034647e-01 3.603344163486023599e-01 3.840608569984611531e-01 4.027646054443759227e-01 4.156862558722241863e-01 4.222825216201501197e-01
6.029841452301824140e-02 6.188145081123853225e-02 6.511545097895554690e-02 7.016137920316947718e-02 7.722763378165731218e-02 8.659176554875000487e-02 9.856723439487509453e-02 1.134464687482673872e-01 1.314559853157060421e-01 1.526996110296164055e-01 1.769757888899550213e-01 2.038686831231010244e-01 2.325597299831048403e-01 2.618488408108317622e-01 2.904783305211474653e-01 3.169772906773609122e-01 3.399305135867144445e-01 3.581912892940694038e-01 3.708903106045494669e-01 3.773985424672646194e-01
4.897701450801110468e-02 5.029350337338475696e-02 5.298749073786904185e-02 5.720174224532149909e-02 6.312507325284044679e-02 7.101402981074657339e-02 8.116607861629296372e-02 9.387359122025039360e-02 1.093933644755086532e-01 1.278876968778727419e-01 1.492649695463584003e-01 1.732408095003287740e-01 1.991569815080156403e-01 2.259637249637965473e-01 2.525052158248248801e-01 2.773654589550870742e-01 2.991252134813613406e-01 3.165877339234552945e-01 3.288086781953268312e-01 3.350956607089471406e-01
4.033677953861793813e-02 4.143743718591089836e-02 4.369258907389946683e-02 4.722697171558221108e-02 5.220805322655452246e-02 5.886684899866385240e-02 6.747624841100041682e-02 7.831356946668614760e-02 9.164204150921656522e-02 1.076534502686224692e-01 1.263313054176376515e-01 1.474928041917057953e-01 1.706186049613359068e-01 1.948087784608218964e-01 2.190282244759440000e-01 2.419532078809145947e-01 2.622081786160423422e-01 2.785925928854696143e-01 2.901261356746971387e-01 2.960802302791447627e-01
3.381500770136385697e-02 3.474361811766637359e-02 3.664783884268481284e-02 3.963567074155407988e-02 4.385357506261552962e-02 4.950593514202285272e-02 5.683724796072051749e-02 6.610108512396550839e-02 7.755100068355127996e-02 9.138652411964144628e-02 1.076368722084497798e-01 1.261917629728737944e-01 1.466444753199305506e-01 1.682327861242987055e-01 1.900471905824465957e-01 2.108791381751509153e-01 2.294334614055615340e-01 2.445465472339708179e-01 2.552401163050413979e-01 2.607775433313829216e-01
2.894684015004111641e-02 2.973993079145708512e-02 3.136692012920503508e-02 3.392090267497128303e-02 3.752886857865071063e-02 4.236959654751448756e-02 4.865859953092182416e-02 5.662171872222398344e-02 6.649316063435617430e-02 7.846542335658882039e-02 9.259079537571171525e-02 1.088065950903996243e-01 1.267925480323536247e-01 1.459057874590053427e-01 1.653570585385059633e-01 1.840627543507177277e-01 2.008320920426676370e-01 2.145698653161180747e-01 2.243324213016244517e-01 2.294006292166592964e-01
2.537449968439394257e-02 2.606172622326099683e-02 2.747151957018727220e-02 2.968396463704382066e-02 3.280853335838317814e-02 3.700037888367579270e-02 4.244714317144483717e-02 4.934579182164190725e-02 5.790596474299684188e-02 6.830376296516860180e-02 8.059818922675587860e-02 9.475453220570941026e-02 1.105159870187068238e-01 1.273393071999147641e-01 1.445448081630329451e-01 1.611744514783568505e-01 1.761551454067679656e-01 1.884821409275963255e-01 1.972719412533999461e-01 2.018440685287286596e-01
2.282632300593074801e-02 2.343138409468407610e-02 2.467207113144260014e-02 2.661721139136423095e-02 2.936073421927068439e-02 3.303646492605073759e-02 3.780609591585351592e-02 4.383822631100271761e-02 5.131569334177462499e-02 6.039284019910058643e-02 7.112427915901740894e-02 8.348881896083197585e-02 9.727450549205471364e-02 1.120192619676795703e-01 1.271401754196373468e-01 1.417994845804628201e-01 1.550465994983702411e-01 1.659804845168139364e-01 1.737957177636030859e-01 1.778662516364279966e-01
2.111770088470031267e-02 2.165967446778692407e-02 2.277003324666944037e-02 2.450788232625053867e-02 2.695344086782381840e-02 3.022151497587180491e-02 3.445008865062589715e-02 3.978081733203126663e-02 4.636943837951680580e-02 5.434602047177263667e-02 6.375374822681509346e-02 7.457495001399779000e-02 8.662821547615409679e-02 9.951657771555595666e-02 1.127408299751921361e-01 1.255745256915368480e-01 1.371878552067852530e-01 1.467890498927182652e-01 1.536612187693683906e-01 1.572428438942027329e-01
2.011727066823360693e-02 2.061124906859490222e-02 2.162197398563814668e-02 2.320007582380482006e-02 2.541359906691030568e-02 2.836038223016362769e-02 3.215685285480757161e-02 3.691945534002392948e-02 4.277760789666627816e-02 4.983644259696320966e-02 5.812368864028891191e-02 6.761885011697052472e-02 7.816080957145149499e-02 8.940478520961939179e-02 1.009234818396190364e-01 1.120914453783081466e-01 1.221938476735322243e-01 1.305479900788363845e-01 1.365297487760642747e-01 1.396471492519029689e-01
1.976142490985076036e-02 2.021937646101002600e-02 2.115478678914594832e-02 2.261074940772107161e-02 2.464430114440879782e-02 2.733797643767174254e-02 3.078847078274046106e-02 3.508866217618373390e-02 4.034289394982765176e-02 4.663176214999041613e-02 5.396553782000427374e-02 6.231729470497391482e-02 7.153930722655922614e-02 8.132915879237577472e-02 9.132164719582258616e-02 1.009821297304431958e-01 1.097029240666911182e-01 1.169064653660397968e-01 1.220610826030662927e-01 1.247453991058759953e-01
2.003574489162231881e-02 2.046701752079930353e-02 2.134607091574215743e-02 2.270911152922810289e-02 2.460298098726326765e-02 2.709619183600182196e-02 3.026717425741798709e-02 3.418669874280330645e-02 3.893551999800483332e-02 4.457082039321989819e-02 5.108489664725644058e-02 5.844292444056719410e-02 6.650639401845367948e-02 7.500817928580162663e-02 8.363734985366870489e-02 9.194058876793641255e-02 9.940846461750253715e-02 1.055620453958325128e-01 1.099583157289187596e-01 1.122443857899288744e-01
2.097505683031736581e-02 2.138651679896949945e-02 2.222309023179277337e-02 2.351447003359059124e-02 2.529777042843172133e-02 2.762839813769812219e-02 3.056762034798225086e-02 3.416532824572086902e-02 3.848028742823071668e-02 4.354790319100217827e-02 4.934309367064353830e-02 5.582336032780901153e-02 6.285745745452524236e-02 7.020888270075058279e-02 7.761511870277348901e-02 8.469580073155769107e-02 9.103068312653954386e-02 9.623153612953845581e-02 9.993790783470285488e-02 1.018610668505512545e-01
2.267007427368259234e-02 2.306595189556309711e-02 2.386854894380929445e-02 2.510117892087122132e-02 2.679140434173360105e-02 2.898216291134287151e-02 3.171838119278394541e-02 3.503015764160458123e-02 3.895602110676356367e-02 4.351172019013384989e-02 4.865632728611719166e-02 5.434129631341029498e-02 6.044249380981239067e-02 6.675139268888641286e-02 7.304975316936236640e-02 7.902297322665978452e-02 8.433123404945658264e-02 8.866840811367586450e-02 9.174912703145916837e-02 9.334304558998082757e-02
2.530607862431536945e-02 2.568763467368891107e-02 2.645875090003293323e-02 2.763632553356551794e-02 2.923834837558656613e-02 3.129580991184564842e-02 3.383800642306487166e-02 3.687635506416921116e-02 4.043120569869096403e-02 4.450133359038889458e-02 4.903232465015641001e-02 5.397241131514386031e-02 5.920582463701743597e-02 6.455091086661290944e-02 6.983096027053327381e-02 7.479097466352233048e-02 7.916328811670089727e-02 8.271511815180285221e-02 8.522799288520577221e-02 8.652336564870180546e-02
2.914373816424508171e-02 2.950774530949393584e-02 3.024090180385741178e-02 3.135361358201434190e-02 3.285428645713638074e-02 3.476267308257502409e-02 3.709336838929021274e-02 3.984063980856468457e-02 4.300939270464074204e-02 4.658500559978091815e-02 5.050295365029248973e-02 5.471230739164113788e-02 5.910816777576428926e-02 6.353594227723972920e-02 6.785879129312402669e-02 7.187600843509260595e-02 7.538431163517635147e-02 7.821557675071318105e-02 8.020972787377939062e-02 8.123302310202766552e-02
3.457992409423623487e-02 3.491635139469127791e-02 3.559159111726605679e-02 3.660968361595613035e-02 3.796980294644798637e-02 3.968185399487501874e-02 4.174738371677901017e-02 4.414600425182636789e-02 4.687108420118931557e-02 4.989947069909465155e-02 5.316111125469719784e-02 5.661124336518586625e-02 6.015942196287354937e-02 6.367930803421464891e-02 6.707309107079509336e-02 7.018971611454449810e-02 7.288305979888413944e-02 7.504129596755514109e-02 7.655434346743476837e-02 7.732626552195977221e-02
4.219400422236305181e-02 4.248229788398528994e-02 4.305900635011569028e-02 4.392261731205656522e-02 4.506446818220523343e-02 4.648758147328603541e-02 4.818371811842877411e-02 5.012221782751041105e-02 5.229078419767119179e-02 5.466451394587165669e-02 5.717393323421891133e-02 5.978712818704365328e-02 6.243255359124423587e-02 6.501391265026672250e-02 6.747193359443162675e-02 6.970077694466839113e-02 7.160445592787473279e-02 7.311924919662084188e-02 7.417677005560138759e-02 7.471195346763435940e-02
5.283086621942707090e-02 5.303409626238558133e-02 5.343974078942372724e-02 5.404305834129551067e-02 5.483111744425495093e-02 5.580600574776373862e-02 5.695591514491463864e-02 5.824750527353891177e-02 5.967172652469494853e-02 6.121140430955712003e-02 6.280564113401410076e-02 6.444348478433248317e-02 6.607735080746982015e-02 6.764292007915100047e-02 6.911884164093416716e-02 7.043977351695120126e-02 7.155268387357553717e-02 7.243373051979876132e-02 7.304795105226842555e-02 7.335428630628189339e-02
6.760830604265014032e-02 6.766493151701848119e-02 6.777929237437910204e-02 6.794855675773471548e-02 6.816299864110376971e-02 6.843476292313967202e-02 6.875955869458474923e-02 6.911399936530832067e-02 6.950557692836345502e-02 6.993794129905626933e-02 7.036905979904821418e-02 7.081845255595274613e-02 7.126778288308247000e-02 7.168621906105485109e-02 7.208893526809732888e-02 7.244545884145224546e-02 7.273785531727937348e-02 7.297352538458079518e-02 7.314245917170009159e-02 7.322068794009511938e-02
8.803970668310083514e-02 8.785317260835662223e-02 8.748845124447877930e-02 8.695428898208819313e-02 8.625777294816082408e-02 8.543974280204474914e-02 8.452172360396398298e-02 8.351015290515322043e-02 8.244828335720870427e-02 8.137832208372200449e-02 8.029007680019602244e-02 7.924439761835293250e-02 7.825730007792960907e-02 7.733191448520032596e-02 7.651714453511662684e-02 7.581023626424933382e-02 7.521931515388924350e-02 7.477361025112365389e-02 7.447915171472750673e-02 7.432194166815017655e-02
1.160094333719204618e-01 1.154381795529732802e-01 1.143198484249358798e-01 1.126905686344348428e-01 1.105960617899325454e-01 1.081345738104932674e-01 1.053812098116124196e-01 1.024015381536172581e-01 9.930125623792490641e-02 9.618457375628904071e-02 9.308933794874633960e-02 9.012995014653139847e-02 8.736136102792524394e-02 8.481954197993320232e-02 8.258228671208962812e-02 8.066521392586341321e-02 7.909169947901927011e-02 7.790212147053740543e-02 7.710882899405170632e-02 7.670022488738927058e-02
1.535974229033905680e-01 1.524520540302118365e-01 1.502130122484752195e-01 1.469656405975788283e-01 1.428242742884245908e-01 1.379835888148586431e-01 1.326100845377555237e-01 1.268683205602752495e-01 1.209616191626811665e-01 1.150864632781545688e-01 1.093491374482495060e-01 1.039317242108498823e-01 9.893241323587748104e-02 9.441722148904589662e-02 9.048567175295446630e-02 8.715981093259961288e-02 8.446524324091544966e-02 8.244115212059251185e-02 8.109534877073976133e-02 8.041038018976036372e-02
2.026641316595483022e-01 2.007238008028192910e-01 1.969343524591165850e-01 1.914535364156992603e-01 1.844967919195378281e-01 1.763990554844567793e-01 1.674621894869672556e-01 1.579982694060717840e-01 1.483515654550339735e-01 1.388490128244060928e-01 1.296919084325038607e-01 1.211479141142290522e-01 1.133641524838725767e-01 1.064333710137575773e-01 1.004680027283166993e-01 9.548226310209911860e-02 9.148877152628816234e-02 8.851140646201899331e-02 8.654130950744082229e-02 8.554609123896914080e-02
2.642012757763584352e-01 2.612589834564595370e-01 2.555108766563464751e-01 2.472002712414322623e-01 2.366646512370193522e-01 2.244133265961095747e-01 2.109226159332600048e-01 1.967021573493102082e-01 1.822859578898427813e-01 1.681785276422083641e-01 1.547126493602527519e-01 1.422675564951185745e-01 1.310506925753761875e-01 1.211811415919624435e-01 1.127761833957241916e-01 1.058271655395089245e-01 1.003171616283917572e-01 9.623927925573261266e-02 9.355473123804292079e-02 9.220633499875384442e-02
3.372508094928918787e-01 3.331907559357861204e-01 3.252431013965914608e-01 3.137237745685506063e-01 2.990807847781151163e-01 2.819987666296167594e-01 2.631427916984319659e-01 2.432563032942482439e-01 2.231090619203452141e-01 2.034374574295264304e-01 1.847558908265284627e-01 1.675952186404279509e-01 1.522472025061477330e-01 1.388658353795423905e-01 1.275705348043599807e-01 1.183172287601436945e-01 1.110436059418342253e-01 1.056963845000187807e-01 1.021931683181665773e-01 1.004417186335580386e-01
4.184667530676003389e-01 4.133397746083423696e-01 4.032655926547820124e-01 3.885840826383771818e-01 3.697947332206914517e-01 3.477039764944515610e-01 3.231326778108581377e-01 2.970584640024313550e-01 2.705143104236424900e-01 2.445216350162416896e-01 2.198400788441006171e-01 1.972112110896625525e-01 1.770556211094864163e-01 1.595878406846343300e-01 1.449388154050447186e-01 1.330241541984125975e-01 1.237245403905948005e-01 1.169267796604029630e-01 1.124921303857652349e-01 1.102834062256771164e-01
5.023811075106158208e-01 4.964267808761618217e-01 4.846644094351578169e-01 4.673837086370530303e-01 4.450372523850061879e-01 4.184446636979261003e-01 3.884920439357690269e-01 3.563355738877779788e-01 3.232584167682793219e-01 2.905999349471640181e-01 2.594311747612754182e-01 2.307796287501100441e-01 2.052632312832693984e-01 1.832061411918922966e-01 1.647790361731730213e-01 1.498658645046071214e-01 1.382872766716508328e-01 1.298617230923971855e-01 1.243842721150900110e-01 1.216644472333858751e-01
5.830114489211062345e-01 5.765958238045054696e-01 5.638411546457400281e-01 5.449163000901416920e-01 5.201235787471346628e-01 4.901626620954981917e-01 4.558531903804058927e-01 4.184164560959292567e-01 3.793158475424885379e-01 3.401968182846117905e-01 3.024873385426047334e-01 2.675766824173561598e-01 2.363659702913872007e-01 2.093615122790692951e-01 1.868240455336801220e-01 1.686325040630105021e-01 1.545569992028603956e-01 1.443472490349137494e-01 1.377272546130433040e-01 1.344477415368952600e-01
6.552195585927176325e-01 6.487237958607240396e-01 6.357219867171332028e-01 6.162231031850173846e-01 5.903109972916623649e-01 5.584552038220732539e-01 5.212775259590672894e-01 4.799195855620900231e-01 4.359027137671595553e-01 3.911059234500159354e-01 3.473113127830127489e-01 3.063190300725948112e-01 2.693960239387532818e-01 2.373152878088816420e-01 2.104956775455805729e-01 1.888557888576297694e-01 1.721390242855182218e-01 1.600362080475487003e-01 1.522022395678750972e-01 1.483277423922543248e-01
7.160154207657758452e-01 7.097361451157423451e-01 6.970846273350026490e-01 6.779106950243209972e-01 6.520652166477209910e-01 6.197346075404395194e-01 5.812551478286480666e-01 5.375584625679741269e-01 4.900821594639521162e-01 4.408169039290660840e-01 3.918361766079684338e-01 3.453492778254130258e-01 3.030418885213310154e-01 2.660293327739313152e-01 2.349612108359493134e-01 2.098519319723983201e-01 1.904539610497921476e-01 1.764189961054222766e-01 1.673422000935944343e-01 1.628576861894953653e-01
7.645794511092817158e-01 7.586852519916982285e-01 7.467387499816323659e-01 7.284591852199858719e-01 7.034939031967258893e-01 6.717533941590765334e-01 6.332638335716092026e-01 5.886690621307074656e-01 5.392063491778632534e-01 4.868437277082366399e-01 4.338394062634752246e-01 3.827545202914746092e-01 3.356974120841467180e-01 2.941699374448715210e-01 2.591106803025423622e-01 2.306846151728976224e-01 2.086936369458811946e-01 1.927763736657717442e-01 1.824835550696378705e-01 1.774008621335121105e-01
8.016862463411209561e-01 7.962285636551252876e-01 7.851107732186930477e-01 7.679594742643985894e-01 7.442683923479759267e-01 7.137181901294692432e-01 6.760532681081447004e-01 6.316144427040607523e-01 5.813763144884742662e-01 5.271782610846554862e-01 4.713478992311156968e-01 4.167042802112946309e-01 3.657331392548737736e-01 3.203230800218416774e-01 2.817294643864793335e-01 2.503069934575223865e-01 2.259420761686537771e-01 2.082866569894608333e-01 1.968650565856849000e-01 1.912255828476629449e-01
8.288110398408349289e-01 8.237584768612593589e-01 8.134242811344929436e-01 7.973767110211341658e-01 7.750062253713996263e-01 7.458235137021251848e-01 7.093487030361761425e-01 6.656534415428340123e-01 6.154458441262000701e-01 5.603826196328194342e-01 5.027707204344109559e-01 4.455868755042184381e-01 3.916158691629929578e-01 3.430905560907884233e-01 3.015723780094955453e-01 2.676183283434310223e-01 2.412196142930088383e-01 2.220615246721409086e-01 2.096586181489955569e-01 2.035336808520503693e-01
8.475853430312132453e-01 8.428595123978760428e-01 8.331644966364916138e-01 8.180354809065597532e-01 7.968000478831541722e-01 7.688551630200010090e-01 7.335612819367582915e-01 6.907813046450281824e-01 6.409969198687284209e-01 5.856811795980946256e-01 5.270730622223072093e-01 4.682261726592712447e-01 4.121358995078551191e-01 3.613071687095655293e-01 3.175613941044342914e-01 2.816404558950682535e-01 2.536405286480075683e-01 2.332890951351306863e-01 2.201027008577522703e-01 2.135890523611427561e-01
8.593225103700569134e-01 8.548214888860746763e-01 8.455693515301240248e-01 8.310846070837455413e-01 8.106606587167862754e-01 7.836270031518095536e-01 7.492445534538021423e-01 7.072375142746484267e-01 6.579274580049531140e-01 6.026442669066329749e-01 5.435547980485347930e-01 4.837395829702667016e-01 4.263225828718613108e-01 3.739930180714391428e-01 3.287588748178491560e-01 2.915018620400450788e-01 2.624022408015176944e-01 2.412253254469115538e-01 2.274945466312247588e-01 2.207101638038411473e-01
8.649669044029754117e-01 8.605798825020539722e-01 8.515531972164015473e-01 8.373986280432836882e-01 8.173948772209144176e-01 7.908404158791564331e-01 7.569488786745371955e-01 7.153758612773244430e-01 6.663607538409888065e-01 6.111559638621338886e-01 5.518839766889067633e-01 4.916306535453845439e-01 4.335796909508868868e-01 3.805126419472501520e-01 3.345345870978613245e-01 2.966023645169352796e-01 2.669429227835296570e-01 2.453437702031519008e-01 2.313337114739436318e-01 2.244102140142006929e-01
